,날짜,종가,오픈,고가,저가,거래량,변동 %
0,2020-03-17,1534.1,1504.5,1561.5,1476.3,3.41K,0.027000000000000003
1,2020-03-16,1493.8,1573.0,1578.6,1458.8,2.74K,-0.0204
2,2020-03-13,1524.9,1592.6,1604.2,1514.3,2.51K,-0.0462
3,2020-03-12,1598.8,1648.6,1655.2,1568.7,3.05K,-0.0315
4,2020-03-11,1650.8,1657.9,1677.6,1641.7,4.20K,-0.0109
5,2020-03-10,1669.0,1675.0,1679.3,1651.5,3.67K,-0.009000000000000001
6,2020-03-09,1684.1,1700.0,1712.1,1668.1,3.54K,0.0007
7,2020-03-06,1683.0,1683.6,1703.6,1657.7,4.50K,0.0015
8,2020-03-05,1680.4,1653.4,1687.2,1653.0,2.37K,0.0144
9,2020-03-04,1656.5,1660.1,1661.1,1647.3,3.92K,-0.0014
10,2020-03-03,1658.8,1606.5,1663.8,1606.5,3.14K,0.0305
11,2020-03-02,1609.7,1609.1,1626.0,1593.9,2.37K,0.0165
12,2020-02-28,1583.6,1667.1,1667.1,1582.0,6.31K,-0.0468
13,2020-02-27,1661.4,1668.0,1680.3,1656.0,3.96K,-0.0009
14,2020-02-26,1662.9,1656.4,1676.7,1646.7,3.59K,-0.0044
15,2020-02-25,1670.2,1681.6,1681.6,1650.0,3.36K,-0.0159
16,2020-02-24,1697.1,1673.3,1711.8,1673.3,9.96K,0.0168
17,2020-02-21,1669.1,1645.5,1671.2,1642.4,1.86K,0.0172
18,2020-02-20,1640.8,1634.0,1645.5,1627.7,1.31K,0.0053
19,2020-02-19,1632.2,1625.0,1634.8,1623.3,1.40K,0.005
20,2020-02-18,1624.0,1605.0,1628.3,1603.5,1.62K,0.0233
21,2020-02-17,1587.05,1586.15,1588.45,1581.85,-,0.0005
22,2020-02-16,1586.25,1585.5,1586.25,1583.45,-,-0.0129
23,2020-02-14,1606.9,1601.0,1608.4,1597.3,1.56K,0.0046
24,2020-02-13,1599.6,1594.4,1602.0,1594.0,1.73K,0.0045
25,2020-02-12,1592.4,1590.8,1593.9,1587.5,2.05K,0.0008
26,2020-02-11,1591.1,1597.3,1597.9,1587.1,1.86K,-0.006
27,2020-02-10,1600.7,1599.5,1601.5,1594.2,1.66K,0.0036
28,2020-02-07,1595.0,1591.0,1598.3,1588.4,0.84K,0.0021
29,2020-02-06,1591.7,1580.7,1592.4,1579.3,1.31K,0.0044
30,2020-02-05,1584.7,1579.4,1587.0,1573.0,2.05K,0.0046
31,2020-02-04,1577.5,1602.3,1602.3,1576.0,1.84K,-0.0165
32,2020-02-03,1604.0,1618.8,1619.6,1595.0,1.02K,-0.0034
33,2020-01-31,1609.4,1599.7,1615.3,1597.7,3.06K,-0.0008
34,2020-01-30,1610.7,1601.6,1612.0,1599.0,1.50K,0.008
35,2020-01-29,1597.9,1594.5,1603.6,1589.3,4.24K,0.0006
36,2020-01-28,1596.9,1606.7,1607.1,1593.4,10.91K,-0.0048
37,2020-01-27,1604.6,1610.0,1612.8,1602.8,1.93K,0.0035
38,2020-01-24,1599.0,1589.1,1601.4,1584.0,2.62K,0.0043
39,2020-01-23,1592.1,1585.0,1593.5,1580.1,1.75K,0.0054
40,2020-01-22,1583.5,1583.1,1585.5,1577.6,1.96K,-0.0008
41,2020-01-21,1584.7,1584.0,1593.8,1573.6,2.14K,0.015
42,2020-01-20,1561.25,1557.2,1562.7,1556.65,-,0.0027
43,2020-01-19,1557.05,1557.4,1559.05,1556.45,-,-0.019
44,2020-01-17,1587.2,1578.6,1588.0,1577.1,1.54K,0.0065
45,2020-01-16,1576.9,1580.4,1583.4,1575.0,1.86K,-0.0022
46,2020-01-15,1580.3,1575.9,1582.2,1573.4,2.10K,0.0058
47,2020-01-14,1571.2,1573.2,1573.9,1563.4,1.76K,-0.004
48,2020-01-13,1577.5,1586.8,1586.8,1574.9,2.70K,-0.006
49,2020-01-10,1587.0,1577.6,1589.6,1574.1,2.73K,0.0035
50,2020-01-09,1581.4,1583.0,1587.5,1570.2,1.43K,-0.0035
51,2020-01-08,1587.0,1603.3,1637.9,1581.5,3.32K,-0.0089
52,2020-01-07,1601.3,1594.5,1605.5,1586.5,2.57K,0.0033
53,2020-01-06,1596.1,1590.2,1615.3,1590.0,2.80K,0.0104
54,2020-01-03,1579.6,1561.6,1583.6,1561.6,5.12K,0.0157
55,2020-01-02,1555.2,1548.7,1559.5,1548.2,1.25K,0.0225
56,2020-01-01,1520.95,1520.85,1523.95,1520.85,-,-0.0191
57,2019-12-31,1550.6,1546.7,1555.0,1546.4,0.67K,0.0034
58,2019-12-30,1545.4,1543.9,1545.5,1540.1,0.46K,0.0006
59,2019-12-27,1544.4,1540.7,1545.0,1540.0,0.29K,0.0027
60,2019-12-26,1540.3,1528.9,1543.0,1528.4,1.02K,0.0241
61,2019-12-25,1504.05,1504.4,1504.4,1502.15,-,-0.0173
62,2019-12-24,1530.5,1518.6,1530.1,1518.6,0.45K,0.0106
63,2019-12-23,1514.4,1510.7,1514.9,1510.7,0.39K,0.0053
64,2019-12-20,1506.4,1508.1,1510.0,1505.2,0.44K,-0.0024
65,2019-12-19,1510.0,1505.4,1510.4,1503.5,0.57K,0.0038
66,2019-12-18,1504.3,1506.4,1508.5,1501.7,1.56K,-0.0017
67,2019-12-17,1506.8,1505.8,1510.0,1505.0,0.21K,0.0001
68,2019-12-16,1506.7,1505.4,1509.4,1503.9,0.42K,-0.0001
69,2019-12-13,1506.9,1493.0,1507.9,1493.0,0.47K,0.0063
70,2019-12-12,1497.5,1511.2,1514.0,1494.1,0.17K,-0.0017
71,2019-12-11,1500.1,1500.0,1507.0,1497.5,0.14K,0.0046
72,2019-12-10,1493.2,1490.6,1496.0,1489.7,0.14K,0.0023
73,2019-12-09,1489.8,1493.2,1493.2,1489.4,0.30K,-0.0001
74,2019-12-06,1489.9,1503.0,1506.0,1488.0,0.44K,-0.0117
75,2019-12-05,1507.5,1505.0,1508.0,1503.0,0.23K,0.002
76,2019-12-04,1504.5,1509.1,1513.5,1502.5,0.46K,-0.0027
77,2019-12-03,1508.6,1491.1,1510.3,1491.1,0.45K,0.0104
78,2019-12-02,1493.1,1494.0,1495.3,1485.0,0.17K,-0.0023
79,2019-11-29,1496.6,1488.0,1495.4,1484.2,0.19K,0.0235
80,2019-11-28,1462.25,1463.25,1464.55,1460.75,-,-0.0149
81,2019-11-27,1484.4,1489.2,1490.2,1483.9,0.22K,-0.0044
82,2019-11-26,1491.0,1484.3,1492.0,1481.0,0.31K,0.0019
83,2019-11-25,1488.1,1490.9,1492.0,1485.2,0.94K,-0.0042
84,2019-11-22,1494.4,1497.7,1502.3,1492.0,0.70K,0.0003
85,2019-11-21,1494.0,1505.5,1505.7,1494.0,0.49K,-0.006999999999999999
86,2019-11-20,1504.5,1505.5,1509.2,1498.0,0.69K,-0.0002
87,2019-11-19,1504.8,1501.3,1506.1,1497.0,1.03K,0.0016
88,2019-11-18,1502.4,1498.4,1502.8,1488.8,0.82K,0.0022
89,2019-11-15,1499.1,1496.3,1499.9,1495.9,0.07K,-0.0033
90,2019-11-14,1504.0,1495.1,1504.7,1494.8,0.84K,0.0068
91,2019-11-13,1493.9,1489.9,1498.1,1489.9,0.74K,0.0065
92,2019-11-12,1484.2,1487.8,1488.5,1480.0,0.93K,-0.0026
93,2019-11-11,1488.0,1494.0,1494.0,1480.1,0.73K,-0.0055
94,2019-11-08,1496.3,1500.5,1503.0,1488.8,0.35K,-0.0009
95,2019-11-07,1497.7,1520.1,1520.1,1495.1,1.32K,-0.0172
96,2019-11-06,1523.9,1516.7,1525.4,1516.1,0.69K,0.0062
97,2019-11-05,1514.5,1535.0,1535.0,1513.0,1.77K,-0.0176
98,2019-11-04,1541.6,1544.8,1544.8,1541.0,0.83K,0.0002
99,2019-11-01,1541.3,1542.1,1545.0,1538.0,0.20K,-0.0017
100,2019-10-31,1544.0,1527.0,1545.0,1527.0,0.17K,0.0115
101,2019-10-30,1526.5,1520.8,1526.5,1513.2,1.90K,0.0039
102,2019-10-29,1520.6,1524.2,1524.2,1515.5,0.22K,-0.0034
103,2019-10-28,1525.8,1535.7,1536.2,1523.5,0.16K,-0.0061
104,2019-10-25,1535.1,1537.5,1549.9,1535.0,0.07K,0.0008
105,2019-10-24,1533.9,1524.3,1534.7,1522.0,0.28K,0.0059
106,2019-10-23,1524.9,1522.0,1526.1,1522.0,0.03K,0.0055
107,2019-10-22,1516.6,1517.3,1519.0,1515.0,0.01K,-0.0005
108,2019-10-21,1517.3,1524.9,1524.9,1515.0,0.11K,-0.0037
109,2019-10-18,1523.0,1526.1,1526.1,1519.5,0.16K,-0.0031
110,2019-10-17,1527.8,1519.9,1527.6,1519.9,0.21K,0.0029
111,2019-10-16,1523.4,1515.5,1522.2,1510.0,0.20K,0.0068
112,2019-10-15,1513.1,1522.9,1524.5,1513.0,0.23K,-0.0092
113,2019-10-14,1527.1,1529.0,1530.0,1524.4,0.03K,0.0061
114,2019-10-11,1517.8,1533.7,1534.6,1508.0,1.04K,-0.0078
115,2019-10-10,1529.7,1548.0,1548.0,1526.0,0.13K,-0.0074
116,2019-10-09,1541.1,1539.7,1543.0,1535.0,0.43K,0.006
117,2019-10-08,1531.9,1524.2,1540.0,1522.6,0.43K,-0.0004
118,2019-10-07,1532.5,1538.9,1538.9,1522.2,0.16K,-0.0053
119,2019-10-04,1540.7,1541.3,1541.3,1530.2,0.07K,-0.0004
120,2019-10-03,1541.3,1536.8,1551.8,1535.2,0.45K,0.0029
121,2019-10-02,1536.8,1512.8,1536.3,1509.9,0.34K,0.0124
122,2019-10-01,1518.0,1502.6,1520.0,1499.0,0.22K,0.0105
123,2019-09-30,1502.3,1533.0,1533.0,1500.1,0.51K,-0.022
124,2019-09-27,1536.1,1538.3,1538.3,1525.7,0.17K,-0.0058
125,2019-09-26,1545.0,1538.9,1547.0,1538.0,0.25K,0.0019
126,2019-09-25,1542.0,1572.0,1572.0,1539.1,0.25K,-0.0179
127,2019-09-24,1570.1,1560.1,1573.0,1554.9,0.51K,0.0054
128,2019-09-23,1561.6,1556.6,1562.5,1556.6,0.02K,0.0105
129,2019-09-20,1545.3,1537.8,1553.5,1537.8,0.10K,0.0058
130,2019-09-19,1536.4,1528.8,1540.4,1528.8,0.16K,-0.0063
131,2019-09-18,1546.1,1538.9,1549.0,1530.4,0.50K,0.0013
132,2019-09-17,1544.1,1538.8,1542.3,1538.8,0.01K,0.0012
133,2019-09-16,1542.3,1542.6,1546.5,1536.4,0.69K,0.0076
134,2019-09-13,1530.7,1543.4,1543.4,1525.6,0.18K,-0.0046
135,2019-09-12,1537.8,1530.4,1558.6,1530.4,0.41K,0.0035
136,2019-09-11,1532.4,1528.8,1534.4,1528.8,0.04K,0.0028
137,2019-09-10,1528.1,1531.9,1532.6,1524.9,0.16K,-0.0075
138,2019-09-09,1539.6,1540.1,1546.6,1534.1,0.24K,-0.0024
139,2019-09-06,1543.3,1551.0,1559.9,1539.2,0.06K,-0.0062
140,2019-09-05,1552.9,1579.5,1584.1,1544.9,0.10K,-0.0217
141,2019-09-04,1587.4,1582.7,1590.7,1572.0,0.34K,0.0027
142,2019-09-03,1583.2,1562.8,1583.9,1561.2,0.24K,0.0313
143,2019-09-02,1535.15,1537.95,1540.05,1528.15,-,-0.0019
144,2019-09-01,1538.05,1535.25,1542.9,1535.25,-,-0.0123
145,2019-08-30,1557.2,1564.1,1566.9,1555.0,0.45K,-0.0043
146,2019-08-29,1564.0,1571.9,1578.8,1562.0,0.25K,-0.0072
147,2019-08-28,1575.3,1572.3,1578.0,1571.6,0.24K,-0.0017
148,2019-08-27,1578.0,1566.2,1579.3,1564.6,0.17K,0.0095
149,2019-08-26,1563.1,1584.5,1584.5,1563.2,0.07K,-0.0003
150,2019-08-23,1563.5,1539.0,1563.5,1537.3,0.26K,0.019
151,2019-08-22,1534.4,1534.3,1538.8,1530.5,0.25K,-0.0046
152,2019-08-21,1541.5,1532.7,1540.6,1532.7,0.56K,0.0001
153,2019-08-20,1541.3,1530.2,1540.7,1530.2,0.17K,0.0027
154,2019-08-19,1537.2,1543.9,1543.9,1531.0,0.35K,-0.0077
155,2019-08-16,1549.2,1557.4,1557.7,1541.3,0.16K,-0.0048
156,2019-08-15,1556.7,1553.0,1561.2,1546.0,0.29K,0.0017
157,2019-08-14,1554.0,1538.5,1553.1,1532.6,0.24K,0.0086
158,2019-08-13,1540.7,1556.2,1571.7,1523.1,0.07K,-0.0015
159,2019-08-12,1543.0,1536.0,1550.1,1526.4,0.16K,0.0055
160,2019-08-09,1534.5,1542.8,1543.8,1535.0,0.09K,-0.0003
161,2019-08-08,1535.0,1533.0,1542.1,1532.6,0.06K,-0.0062
162,2019-08-07,1544.6,1510.6,1547.7,1510.6,0.11K,0.0231
163,2019-08-06,1509.7,1507.2,1511.1,1498.6,0.14K,0.0047
164,2019-08-05,1502.6,1487.4,1505.0,1487.4,0.07K,0.0116
165,2019-08-02,1485.3,1476.2,1476.2,1476.2,0.08K,0.0163
166,2019-08-01,1461.5,1450.8,1485.6,1443.3,0.15K,-0.0033
167,2019-07-31,1466.3,1460.5,1469.6,1452.9,0.13K,-0.0027
168,2019-07-30,1470.3,1469.0,1472.4,1469.0,0.02K,0.0059
169,2019-07-29,1461.7,1461.7,1461.7,1461.7,1.05K,0.0009
170,2019-07-26,1460.4,1460.4,1460.4,1460.4,0.56K,0.0041
171,2019-07-25,1454.4,1465.1,1468.0,1456.1,0.81K,-0.0058
172,2019-07-24,1462.9,1467.2,1467.2,1467.2,0.04K,0.0014
173,2019-07-23,1460.8,1458.6,1459.6,1458.6,0.25K,-0.0035
174,2019-07-22,1466.0,1466.0,1466.0,1466.0,0.61K,0.0003
175,2019-07-19,1465.5,1483.3,1487.4,1461.5,0.02K,-0.0012
176,2019-07-18,1467.2,1464.4,1488.5,1459.4,0.02K,0.0032
177,2019-07-17,1462.5,1455.0,1467.3,1455.0,0.02K,0.0085
178,2019-07-16,1450.2,1453.4,1453.4,1453.4,0.02K,-0.0014
179,2019-07-15,1452.3,1452.3,1452.3,1452.3,0.99K,0.001
180,2019-07-12,1450.9,1450.9,1450.9,1450.9,0.05K,0.0039
181,2019-07-11,1445.3,1461.4,1467.2,1461.4,0.01K,-0.0036
182,2019-07-10,1450.5,1450.5,1450.5,1450.5,0.07K,0.0085
183,2019-07-09,1438.3,1430.6,1430.8,1430.6,0.02K,0.0007
184,2019-07-08,1437.3,1436.9,1436.9,1436.9,0.05K,0.0005
185,2019-07-05,1436.6,1428.0,1433.0,1428.0,0.02K,0.0092
186,2019-07-04,1423.55,1421.25,1426.65,1412.85,-,-0.0223
187,2019-07-03,1456.0,1465.5,1465.5,1461.9,0.00K,0.0091
188,2019-07-02,1442.8,1428.6,1428.6,1428.6,0.07K,0.0135
189,2019-07-01,1423.6,1444.0,1444.0,1424.4,0.01K,-0.016
190,2019-06-28,1446.8,1451.0,1451.0,1445.7,0.06K,0.0016
191,2019-06-27,1444.5,1444.5,1444.5,1444.5,0.06K,-0.0023
192,2019-06-26,1447.8,1441.9,1445.4,1440.5,0.04K,-0.0024
193,2019-06-25,1451.3,1461.3,1473.9,1448.7,0.09K,0.0003
194,2019-06-24,1450.9,1439.1,1449.6,1439.0,0.01K,0.0127
195,2019-06-21,1432.7,1444.0,1444.0,1419.6,0.02K,0.0023
196,2019-06-20,1429.4,1419.1,1428.7,1417.4,0.41K,0.0325
197,2019-06-19,1384.4,1382.1,1382.1,1382.1,0.09K,-0.0022
198,2019-06-18,1387.4,1379.7,1394.5,1379.7,0.18K,0.0057
199,2019-06-17,1379.6,1379.7,1384.2,1379.7,0.02K,-0.0014
200,2019-06-14,1381.5,1389.2,1389.2,1379.8,0.04K,0.0006
201,2019-06-13,1380.7,1378.3,1378.7,1378.3,0.00K,0.005
202,2019-06-12,1373.8,1373.8,1373.8,1373.8,0.01K,0.0035
203,2019-06-11,1369.0,1369.0,1369.0,1369.0,1.01K,0.0015
204,2019-06-10,1366.9,1378.0,1378.0,1367.0,0.01K,-0.0109
205,2019-06-07,1381.9,1388.5,1388.5,1382.4,0.05K,0.0025
206,2019-06-06,1378.5,1370.0,1370.0,1370.0,0.09K,0.0061
207,2019-06-05,1370.2,1376.6,1376.6,1368.8,0.16K,0.0027
208,2019-06-04,1366.5,1366.5,1366.5,1366.5,0.03K,0.0009
209,2019-06-03,1365.3,1356.5,1356.5,1356.5,0.07K,0.0116
210,2019-05-31,1349.6,1342.9,1347.8,1342.9,0.22K,0.0125
211,2019-05-30,1332.9,1332.4,1332.4,1332.4,0.33K,0.0048
212,2019-05-29,1326.5,1327.8,1327.8,1327.8,0.00K,0.0024
213,2019-05-28,1323.3,1322.6,1322.6,1322.6,0.12K,0.0298
214,2019-05-27,1284.95,1284.25,1286.85,1283.25,-,0.0006
215,2019-05-26,1284.15,1284.2,1285.15,1283.65,-,-0.0345
216,2019-05-24,1330.1,1329.2,1329.2,1329.2,0.00K,-0.0013
217,2019-05-23,1331.8,1328.4,1328.4,1328.4,0.00K,0.0079
218,2019-05-22,1321.3,1321.3,1321.3,1321.3,0.02K,0.0009
219,2019-05-21,1320.1,1320.1,1320.1,1320.1,0.10K,-0.0031
220,2019-05-20,1324.2,1324.2,1324.2,1324.2,0.08K,0.0013
221,2019-05-17,1322.5,1322.5,1322.5,1322.5,0.21K,-0.008
222,2019-05-16,1333.1,1333.1,1333.1,1333.1,0.11K,-0.0085
223,2019-05-15,1344.5,1344.5,1344.5,1344.5,0.06K,0.0008
224,2019-05-14,1343.4,1343.4,1343.4,1343.4,0.20K,-0.005
225,2019-05-13,1350.2,1350.2,1350.2,1350.2,0.12K,0.0097
226,2019-05-10,1337.2,1337.2,1337.2,1337.2,0.05K,0.0016
227,2019-05-09,1335.1,1335.1,1335.1,1335.1,0.04K,0.0028
228,2019-05-08,1331.4,1338.0,1338.0,1338.0,0.05K,-0.0033
229,2019-05-07,1335.8,1335.8,1335.8,1335.8,0.12K,0.0013
230,2019-05-06,1334.0,1334.0,1334.0,1334.0,0.01K,0.0017
231,2019-05-03,1331.7,1331.7,1331.7,1331.7,0.02K,0.0072
232,2019-05-02,1322.2,1323.0,1323.0,1323.0,0.00K,-0.009000000000000001
233,2019-05-01,1334.2,1334.2,1334.2,1334.2,0.26K,-0.0011
234,2019-04-30,1335.7,1335.7,1335.7,1335.7,0.21K,0.0031
235,2019-04-29,1331.6,1331.6,1331.6,1331.6,0.14K,-0.0057
236,2019-04-26,1339.2,1339.2,1339.2,1339.2,0.38K,0.0068
237,2019-04-25,1330.2,1330.2,1330.2,1330.2,0.00K,0.0002
238,2019-04-24,1329.9,1329.9,1329.9,1329.9,0.15K,0.0046
239,2019-04-23,1323.8,1323.8,1323.8,1323.8,0.01K,-0.0035
240,2019-04-22,1328.5,1328.5,1328.5,1328.5,0.00K,0.0396
241,2019-04-19,1277.9,1277.9,1277.9,1277.9,-,-0.0369
242,2019-04-18,1326.9,1326.9,1326.9,1326.9,0.08K,-0.0005
243,2019-04-17,1327.6,1327.6,1327.6,1327.6,0.06K,-0.0004
244,2019-04-16,1328.1,1329.1,1329.1,1329.0,0.05K,-0.0107
245,2019-04-15,1342.4,1342.4,1342.4,1342.4,0.02K,-0.0029
246,2019-04-12,1346.3,1346.3,1346.3,1346.3,0.23K,0.0022
247,2019-04-11,1343.4,1356.6,1356.6,1356.6,0.00K,-0.015
248,2019-04-10,1363.9,1363.9,1363.9,1363.9,0.08K,0.004
249,2019-04-09,1358.4,1358.4,1358.4,1358.4,0.00K,0.0048
250,2019-04-08,1351.9,1351.9,1351.9,1351.9,0.00K,0.005
251,2019-04-05,1345.2,1345.2,1345.2,1345.2,0.05K,0.0013
252,2019-04-04,1343.5,1343.5,1343.5,1343.5,0.04K,-0.0004
253,2019-04-03,1344.0,1344.0,1344.0,1344.0,0.05K,0.0001
254,2019-04-02,1343.9,1340.8,1343.2,1340.8,0.00K,0.0009
255,2019-04-01,1342.7,1342.7,1342.7,1342.7,0.03K,-0.0025
256,2019-03-29,1346.0,1354.1,1354.1,1354.1,0.00K,0.0027
257,2019-03-28,1342.4,1348.0,1348.0,1342.2,0.01K,-0.0157
258,2019-03-27,1363.8,1363.8,1363.8,1363.8,0.04K,-0.004
259,2019-03-26,1369.3,1369.3,1369.3,1369.3,0.01K,-0.0064
260,2019-03-25,1378.1,1378.1,1378.1,1378.1,0.10K,0.0064
261,2019-03-22,1369.3,1368.2,1368.2,1368.2,0.03K,0.0035
262,2019-03-21,1364.5,1364.5,1364.5,1364.5,0.12K,0.0037
263,2019-03-20,1359.5,1359.5,1359.5,1359.5,0.02K,-0.0038
264,2019-03-19,1364.7,1364.7,1364.7,1364.7,0.00K,0.0039
265,2019-03-18,1359.4,1359.4,1359.4,1359.4,0.01K,-0.0009
266,2019-03-15,1360.6,1360.6,1360.6,1360.6,0.01K,0.0057
267,2019-03-14,1352.9,1352.9,1352.9,1352.9,0.23K,-0.0111
268,2019-03-13,1368.1,1368.1,1368.1,1368.1,0.02K,0.0085
269,2019-03-12,1356.6,1356.6,1356.6,1356.6,0.08K,0.0049
270,2019-03-11,1350.0,1350.0,1350.0,1350.0,0.00K,-0.0063
271,2019-03-08,1358.5,1358.5,1358.5,1358.5,0.00K,0.0101
272,2019-03-07,1344.9,1344.9,1344.9,1344.9,0.04K,-0.0012
273,2019-03-06,1346.5,1346.5,1346.5,1346.5,0.00K,0.0022
274,2019-03-05,1343.5,1343.5,1343.5,1343.5,0.00K,-0.0021
275,2019-03-04,1346.3,1346.3,1346.3,1346.3,0.02K,-0.0088
276,2019-03-01,1358.3,1358.3,1358.3,1358.3,0.13K,-0.0124
277,2019-02-28,1375.3,1374.0,1374.0,1374.0,0.01K,-0.0038
278,2019-02-27,1380.5,1380.5,1380.5,1380.5,0.00K,-0.0053
279,2019-02-26,1387.9,1387.9,1387.9,1387.9,0.00K,-0.0008
280,2019-02-25,1389.0,1389.0,1389.0,1389.0,0.00K,-0.0025
281,2019-02-22,1392.5,1392.5,1392.5,1392.5,0.02K,0.0038
282,2019-02-21,1387.2,1388.0,1388.0,1388.0,0.03K,-0.0139
283,2019-02-20,1406.7,1406.7,1406.7,1406.7,0.15K,0.002
284,2019-02-19,1403.9,1403.9,1403.9,1403.9,0.04K,0.0559
285,2019-02-18,1329.55,1324.35,1330.75,1324.05,-,0.004
286,2019-02-17,1324.25,1324.65,1324.95,1323.85,-,-0.0412
287,2019-02-15,1381.2,1381.2,1381.2,1381.2,0.03K,0.0058
288,2019-02-14,1373.2,1373.2,1373.2,1373.2,0.07K,-0.001
289,2019-02-13,1374.6,1374.6,1374.6,1374.6,0.05K,0.001
290,2019-02-12,1373.2,1373.2,1373.2,1373.2,0.00K,0.0015
291,2019-02-11,1371.2,1371.2,1371.2,1371.2,0.03K,-0.0048
292,2019-02-08,1377.8,1377.8,1377.8,1377.8,0.05K,0.0031
293,2019-02-07,1373.6,1373.6,1373.6,1373.6,0.00K,-0.0001
294,2019-02-06,1373.8,1373.8,1373.8,1373.8,0.00K,-0.0035
295,2019-02-05,1378.6,1378.6,1378.6,1378.6,0.04K,0.0002
296,2019-02-04,1378.3,1378.3,1378.3,1378.3,0.00K,-0.002
297,2019-02-01,1381.1,1382.6,1382.6,1382.6,0.01K,-0.0021
298,2019-01-31,1384.0,1384.0,1384.0,1384.0,0.08K,0.0059
299,2019-01-30,1375.9,1377.6,1377.6,1377.6,0.06K,0.0002
300,2019-01-29,1375.6,1375.6,1375.6,1375.6,0.20K,0.0042
301,2019-01-28,1369.8,1369.8,1369.8,1369.8,0.00K,0.0043
302,2019-01-25,1364.0,1360.0,1360.0,1360.0,0.01K,0.0142
303,2019-01-24,1344.9,1344.9,1344.9,1344.9,0.05K,-0.0033
304,2019-01-23,1349.3,1349.3,1349.3,1349.3,0.02K,0.0007
305,2019-01-22,1348.4,1348.4,1348.4,1348.4,0.15K,0.0542
306,2019-01-21,1279.05,1281.95,1282.95,1276.15,-,-0.0023
307,2019-01-20,1282.05,1281.3,1282.7,1280.5,-,-0.049
308,2019-01-18,1348.1,1348.1,1348.1,1348.1,0.00K,-0.0072
309,2019-01-17,1357.9,1357.9,1357.9,1357.9,0.03K,-0.001
310,2019-01-16,1359.3,1359.3,1359.3,1359.3,0.00K,0.0041
311,2019-01-15,1353.7,1353.7,1353.7,1353.7,0.01K,-0.0026
312,2019-01-14,1357.2,1357.2,1357.2,1357.2,0.40K,0.0013
313,2019-01-11,1355.4,1355.4,1355.4,1355.4,0.05K,0.0018
314,2019-01-10,1353.0,1353.0,1353.0,1353.0,0.55K,-0.0032
315,2019-01-09,1357.3,1357.3,1357.3,1357.3,0.10K,0.0046
316,2019-01-08,1351.1,1351.1,1351.1,1351.1,0.00K,-0.003
317,2019-01-07,1355.2,1355.2,1355.2,1355.2,0.01K,0.0031
318,2019-01-04,1351.0,1351.8,1351.8,1351.8,0.00K,-0.0065
319,2019-01-03,1359.8,1359.8,1359.8,1359.8,0.01K,0.0076
320,2019-01-02,1349.5,1349.5,1349.5,1349.5,0.10K,0.0515
321,2019-01-01,1283.35,1284.7,1284.75,1282.85,-,-0.0473
322,2018-12-31,1347.1,1347.1,1347.1,1347.1,0.05K,-0.0009
323,2018-12-28,1348.3,1348.3,1348.3,1348.3,0.08K,0.0013
324,2018-12-27,1346.5,1346.5,1346.5,1346.5,0.03K,0.0061
325,2018-12-26,1338.3,1343.0,1343.0,1343.0,0.00K,0.0532
326,2018-12-25,1270.75,1272.5,1274.55,1270.65,-,-0.0496
327,2018-12-24,1337.0,1337.0,1337.0,1337.0,0.03K,0.0105
328,2018-12-21,1323.1,1323.1,1323.1,1323.1,0.06K,-0.0075
329,2018-12-20,1333.1,1333.1,1333.1,1333.1,0.01K,0.0089
330,2018-12-19,1321.3,1321.3,1321.3,1321.3,0.27K,0.0021
331,2018-12-18,1318.5,1318.5,1318.5,1318.5,0.03K,0.0008
332,2018-12-17,1317.4,1317.4,1317.4,1317.4,0.01K,0.008
333,2018-12-14,1307.0,1307.0,1307.0,1307.0,0.03K,-0.0047
334,2018-12-13,1313.2,1313.2,1313.2,1313.2,0.19K,-0.002
335,2018-12-12,1315.8,1315.8,1315.8,1315.8,0.07K,0.0022
336,2018-12-11,1312.9,1312.9,1312.9,1312.9,0.00K,-0.0014
337,2018-12-10,1314.8,1314.8,1314.8,1314.8,0.09K,-0.0036
338,2018-12-07,1319.5,1319.5,1319.5,1319.5,0.00K,0.0071
339,2018-12-06,1310.2,1313.9,1313.9,1309.5,0.00K,0.0005
340,2018-12-05,1309.6,1309.6,1309.6,1309.6,0.00K,-0.003
341,2018-12-04,1313.6,1313.6,1313.6,1313.6,0.02K,0.0055
342,2018-12-03,1306.4,1306.4,1306.4,1306.4,0.05K,0.0106
343,2018-11-30,1292.7,1289.7,1289.7,1289.7,0.00K,-0.0033
344,2018-11-29,1297.0,1297.0,1297.0,1297.0,0.00K,0.0005
345,2018-11-28,1296.4,1296.4,1296.4,1296.4,0.00K,0.0077
346,2018-11-27,1286.5,1286.5,1286.5,1286.5,0.01K,-0.0072
347,2018-11-26,1295.8,1295.8,1295.8,1295.8,0.00K,-0.0002
348,2018-11-23,1296.1,1296.1,1296.1,1296.1,0.06K,0.0555
349,2018-11-22,1228.0,1226.4,1229.7,1225.5,-,-0.056
350,2018-11-21,1300.8,1300.8,1300.8,1300.8,0.34K,0.0057
351,2018-11-20,1293.4,1293.4,1293.4,1293.4,0.01K,-0.0032
352,2018-11-19,1297.5,1297.5,1297.5,1297.5,0.10K,0.002
353,2018-11-16,1294.9,1294.9,1294.9,1294.9,0.00K,0.0057
354,2018-11-15,1287.6,1287.6,1287.6,1287.6,0.01K,0.0034
355,2018-11-14,1283.2,1283.2,1283.2,1283.2,0.33K,0.0067
356,2018-11-13,1274.7,1274.7,1274.7,1274.7,0.01K,-0.0016
357,2018-11-12,1276.8,1276.8,1276.8,1276.8,0.03K,-0.0042
358,2018-11-09,1282.2,1282.2,1282.2,1282.2,0.08K,-0.0132
359,2018-11-08,1299.3,1299.3,1299.3,1299.3,0.00K,-0.0027
360,2018-11-07,1302.8,1302.8,1302.8,1302.8,0.00K,0.0018
361,2018-11-06,1300.4,1300.4,1300.4,1300.4,0.01K,-0.0046
362,2018-11-05,1306.4,1306.4,1306.4,1306.4,0.05K,-0.0007
363,2018-11-02,1307.3,1307.3,1307.3,1307.3,0.00K,-0.0037
364,2018-11-01,1312.2,1312.2,1312.2,1312.2,0.01K,0.0186
365,2018-10-31,1288.2,1291.1,1291.1,1291.1,0.00K,-0.0082
366,2018-10-30,1298.9,1296.7,1296.7,1296.7,0.00K,-0.0017
367,2018-10-29,1301.1,1301.1,1301.1,1301.1,0.00K,-0.0066
368,2018-10-26,1309.7,1309.7,1309.7,1309.7,0.05K,0.0023
369,2018-10-25,1306.7,1306.7,1306.7,1306.7,0.00K,0.0009
370,2018-10-24,1305.5,1305.5,1305.5,1305.5,0.01K,-0.005
371,2018-10-23,1312.0,1312.0,1312.0,1312.0,0.03K,0.0094
372,2018-10-22,1299.8,1299.8,1299.8,1299.8,0.02K,-0.0031
373,2018-10-19,1303.8,1303.8,1303.8,1303.8,0.06K,-0.001
374,2018-10-18,1305.1,1305.1,1305.1,1305.1,0.17K,0.0025
375,2018-10-17,1301.9,1301.9,1301.9,1301.9,0.01K,-0.003
376,2018-10-16,1305.8,1305.8,1305.8,1305.8,0.05K,0.0003
377,2018-10-15,1305.4,1305.4,1305.4,1305.4,0.14K,0.006999999999999999
378,2018-10-12,1296.3,1296.3,1296.3,1296.3,0.12K,-0.0046
379,2018-10-11,1302.3,1271.2,1271.2,1271.2,0.00K,0.0273
380,2018-10-10,1267.7,1267.7,1267.7,1267.7,0.06K,0.0015
381,2018-10-09,1265.8,1265.8,1265.8,1265.8,0.01K,0.0023
382,2018-10-08,1262.9,1262.9,1262.9,1262.9,0.04K,-0.0135
383,2018-10-05,1280.2,1280.2,1280.2,1280.2,0.01K,0.0037
384,2018-10-04,1275.5,1275.5,1275.5,1275.5,0.00K,-0.0009
385,2018-10-03,1276.7,1276.7,1276.7,1276.7,0.08K,-0.0031
386,2018-10-02,1280.7,1280.7,1280.7,1280.7,0.00K,0.0129
387,2018-10-01,1264.4,1264.4,1264.4,1264.4,0.18K,-0.0034
388,2018-09-28,1268.7,1270.0,1270.0,1270.0,0.00K,0.0071
389,2018-09-27,1259.8,1260.0,1260.0,1260.0,0.00K,-0.0094
390,2018-09-26,1271.8,1271.8,1271.8,1271.8,0.00K,-0.005
391,2018-09-25,1278.2,1278.2,1278.2,1278.2,0.02K,0.0006
392,2018-09-24,1277.4,1277.4,1277.4,1277.4,0.01K,0.0024
393,2018-09-21,1274.3,1274.3,1274.3,1274.3,0.04K,-0.0079
394,2018-09-20,1284.4,1284.4,1284.4,1284.4,0.01K,0.0023
395,2018-09-19,1281.5,1281.5,1281.5,1281.5,0.01K,0.0045
396,2018-09-18,1275.7,1275.7,1275.7,1275.7,0.03K,-0.0021
397,2018-09-17,1278.4,1278.4,1278.4,1278.4,0.04K,0.0036
398,2018-09-14,1273.8,1273.8,1273.8,1273.8,0.00K,-0.0056
399,2018-09-13,1281.0,1281.0,1281.0,1281.0,0.02K,-0.0023
400,2018-09-12,1283.9,1269.6,1271.0,1269.5,0.02K,0.0075
401,2018-09-11,1274.4,1274.4,1274.4,1274.4,0.02K,0.0022
402,2018-09-10,1271.6,1271.6,1271.6,1271.6,0.01K,-0.0004
403,2018-09-07,1272.1,1272.1,1272.1,1272.1,0.00K,-0.0028
404,2018-09-06,1275.7,1275.7,1275.7,1275.7,0.00K,0.0024
405,2018-09-05,1272.6,1266.1,1271.9,1266.1,0.01K,0.0019
406,2018-09-04,1270.2,1270.2,1270.2,1270.2,0.03K,0.053
407,2018-09-03,1206.3,1204.9,1209.6,1201.3,-,0.0012
408,2018-09-02,1204.9,1206.2,1206.6,1204.5,-,-0.057
409,2018-08-31,1277.7,1277.7,1277.7,1277.7,0.03K,0.0013
410,2018-08-30,1276.1,1276.1,1276.1,1276.1,0.01K,-0.0056
411,2018-08-29,1283.3,1283.3,1283.3,1283.3,0.03K,-0.0024
412,2018-08-28,1286.4,1286.4,1286.4,1286.4,0.14K,-0.0012
413,2018-08-27,1288.0,1288.0,1288.0,1288.0,0.15K,0.0023
414,2018-08-24,1285.0,1285.0,1285.0,1285.0,0.01K,0.0156
415,2018-08-23,1265.2,1265.2,1265.2,1265.2,0.00K,-0.0083
416,2018-08-22,1275.8,1280.2,1280.2,1278.2,0.00K,0.0024
417,2018-08-21,1272.8,1272.9,1272.9,1272.9,0.00K,0.0042
418,2018-08-20,1267.5,1266.0,1266.0,1266.0,0.00K,0.0075
419,2018-08-17,1258.1,1258.1,1258.1,1258.1,0.00K,0.0001
420,2018-08-16,1258.0,1258.0,1258.0,1258.0,0.04K,-0.0013
421,2018-08-15,1259.7,1265.8,1265.8,1265.8,0.00K,-0.0127
422,2018-08-14,1275.9,1273.4,1273.4,1273.4,0.00K,0.0014
423,2018-08-13,1274.1,1274.1,1274.1,1274.1,0.01K,-0.0158
424,2018-08-10,1294.6,1294.6,1294.6,1294.6,0.08K,-0.0009
425,2018-08-09,1295.8,1295.8,1295.8,1295.8,0.04K,-0.0008
426,2018-08-08,1296.8,1296.8,1296.8,1296.8,0.21K,0.002
427,2018-08-07,1294.2,1294.2,1294.2,1294.2,0.72K,0.0005
428,2018-08-06,1293.6,1302.8,1305.0,1298.6,0.01K,-0.0045
429,2018-08-03,1299.4,1288.8,1298.4,1288.8,0.01K,0.0025
430,2018-08-02,1296.2,1308.0,1308.0,1308.0,0.00K,-0.006
431,2018-08-01,1304.0,1304.0,1304.0,1304.0,1.03K,-0.0044
432,2018-07-31,1309.8,1309.8,1309.8,1309.8,2.72K,0.0016
433,2018-07-30,1307.7,1306.9,1309.1,1301.9,0.01K,-0.001
434,2018-07-27,1309.0,1309.0,1309.0,1309.0,0.00K,-0.0019
435,2018-07-26,1311.5,1311.5,1311.5,1311.5,0.00K,-0.0039
436,2018-07-25,1316.7,1316.7,1316.7,1316.7,0.06K,0.0045
437,2018-07-24,1310.8,1310.8,1310.8,1310.8,0.04K,0.0001
438,2018-07-23,1310.7,1307.6,1307.6,1307.6,0.00K,-0.0046
439,2018-07-20,1316.8,1316.8,1316.8,1316.8,0.15K,0.0049
440,2018-07-19,1310.4,1302.0,1302.0,1302.0,0.08K,-0.0035
441,2018-07-18,1315.0,1315.0,1315.0,1315.0,0.00K,0.0003
442,2018-07-17,1314.6,1320.0,1320.0,1320.0,0.03K,-0.0097
443,2018-07-16,1327.5,1327.5,1327.5,1327.5,0.00K,-0.0011
444,2018-07-13,1329.0,1327.0,1327.0,1327.0,0.00K,-0.0046
445,2018-07-12,1335.2,1335.2,1335.2,1335.2,0.01K,0.0016
446,2018-07-11,1333.1,1333.1,1333.1,1333.1,0.03K,-0.0088
447,2018-07-10,1344.9,1344.9,1344.9,1344.9,0.07K,-0.0029
448,2018-07-09,1348.8,1348.8,1348.8,1348.8,0.04K,0.0031
449,2018-07-06,1344.6,1344.6,1344.6,1344.6,0.01K,-0.0021
450,2018-07-05,1347.4,1347.4,1347.4,1347.4,0.01K,0.071
451,2018-07-04,1258.1,1256.2,1262.4,1255.3,-,-0.0627
452,2018-07-03,1342.2,1342.2,1342.2,1342.2,0.04K,0.0094
453,2018-07-02,1329.7,1329.7,1329.7,1329.7,0.03K,-0.0104
454,2018-06-29,1343.7,1343.7,1343.7,1343.7,0.05K,0.0028
455,2018-06-28,1340.0,1340.0,1340.0,1340.0,0.38K,-0.0041
456,2018-06-27,1345.5,1345.5,1345.5,1345.5,0.01K,-0.0033
457,2018-06-26,1350.0,1350.0,1350.0,1350.0,0.09K,-0.0071
458,2018-06-25,1359.6,1353.7,1353.7,1353.7,0.00K,-0.0015
459,2018-06-22,1361.7,1365.0,1365.0,1365.0,0.00K,0.0002
460,2018-06-21,1361.4,1360.0,1360.0,1360.0,0.00K,-0.0031
461,2018-06-20,1365.7,1376.8,1376.8,1376.8,0.00K,-0.0028
462,2018-06-19,1369.6,1369.6,1369.6,1369.6,0.03K,-0.0014
463,2018-06-18,1371.5,1371.5,1371.5,1371.5,0.04K,0.0013
464,2018-06-15,1369.7,1369.7,1369.7,1369.7,0.59K,-0.0223
465,2018-06-14,1401.0,1401.0,1401.0,1401.0,0.05K,0.0051
466,2018-06-13,1393.9,1393.9,1393.9,1393.9,0.14K,0.0012
467,2018-06-12,1392.2,1392.2,1392.2,1392.2,0.15K,-0.0027
468,2018-06-11,1395.9,1395.9,1395.9,1395.9,0.07K,0.0008
469,2018-06-08,1394.8,1394.8,1394.8,1394.8,0.65K,0.0
470,2018-06-07,1394.8,1394.8,1394.8,1394.8,0.08K,0.0006
471,2018-06-06,1393.9,1393.9,1393.9,1393.9,0.03K,-0.0004
472,2018-06-05,1394.5,1394.5,1394.5,1394.5,0.36K,0.0036
473,2018-06-04,1389.5,1389.6,1390.5,1389.6,0.00K,-0.0004
474,2018-06-01,1390.1,1392.4,1392.4,1392.4,0.00K,-0.0035
475,2018-05-31,1395.0,1395.0,1395.0,1395.0,4.08K,-0.0012
476,2018-05-30,1396.7,1396.7,1396.7,1396.7,50.85K,0.0022
477,2018-05-29,1393.7,1393.7,1393.7,1393.7,0.08K,0.0741
478,2018-05-28,1297.6,1298.4,1299.7,1294.7,-,-0.0005
479,2018-05-27,1298.3,1299.8,1299.9,1296.1,-,-0.0748
480,2018-05-25,1403.2,1403.2,1403.2,1403.2,0.00K,-0.0007
481,2018-05-24,1404.2,1404.2,1404.2,1404.2,0.02K,0.0108
482,2018-05-23,1389.2,1389.2,1389.2,1389.2,0.01K,-0.0021
483,2018-05-22,1392.1,1392.1,1392.1,1392.1,0.05K,0.0007
484,2018-05-21,1391.1,1391.1,1391.1,1391.1,0.05K,-0.0001
485,2018-05-18,1391.3,1391.3,1391.3,1391.3,0.00K,0.0009
486,2018-05-17,1390.0,1390.0,1390.0,1390.0,0.00K,-0.0015
487,2018-05-16,1392.1,1392.1,1392.1,1392.1,0.03K,0.0017
488,2018-05-15,1389.8,1405.3,1405.3,1405.3,0.00K,-0.0198
489,2018-05-14,1417.9,1417.9,1417.9,1417.9,0.00K,-0.0018
490,2018-05-11,1420.4,1420.4,1420.4,1420.4,0.00K,-0.0012
491,2018-05-10,1422.1,1422.1,1422.1,1422.1,0.01K,0.0064
492,2018-05-09,1413.0,1413.5,1413.5,1413.3,0.03K,-0.0006
493,2018-05-08,1413.8,1413.8,1413.8,1413.8,0.34K,-0.0003
494,2018-05-07,1414.2,1414.2,1414.2,1414.2,0.00K,-0.0004
495,2018-05-04,1414.7,1414.7,1414.7,1414.7,0.04K,0.0016
496,2018-05-03,1412.4,1412.4,1412.4,1412.4,0.00K,0.0051
497,2018-05-02,1405.3,1405.3,1405.3,1405.3,0.02K,-0.0008
498,2018-05-01,1406.4,1406.4,1406.4,1406.4,0.03K,-0.0089
499,2018-04-30,1419.1,1419.1,1419.1,1419.1,0.05K,-0.0032
500,2018-04-27,1423.6,1423.6,1423.6,1423.6,0.62K,0.0039
501,2018-04-26,1418.0,1418.0,1418.0,1418.0,0.01K,-0.0034
502,2018-04-25,1422.9,1422.9,1422.9,1422.9,0.28K,-0.0071
503,2018-04-24,1433.1,1433.1,1433.1,1433.1,0.03K,0.0064
504,2018-04-23,1424.0,1424.0,1424.0,1424.0,0.01K,-0.0099
505,2018-04-20,1438.2,1442.0,1442.0,1442.0,0.00K,-0.0073
506,2018-04-19,1448.8,1453.0,1453.0,1453.0,0.00K,-0.0032
507,2018-04-18,1453.5,1460.1,1460.1,1460.1,0.00K,0.0029
508,2018-04-17,1449.3,1449.3,1449.3,1449.3,0.41K,-0.0009
509,2018-04-16,1450.6,1450.6,1450.6,1450.6,0.06K,0.0019
510,2018-04-13,1447.9,1447.9,1447.9,1447.9,0.07K,0.0045
511,2018-04-12,1441.4,1441.4,1441.4,1441.4,0.03K,-0.0127
512,2018-04-11,1460.0,1460.0,1460.0,1460.0,0.00K,0.01
513,2018-04-10,1445.5,1445.5,1445.5,1445.5,0.11K,0.0041
514,2018-04-09,1439.6,1439.6,1439.6,1439.6,0.29K,0.0026
515,2018-04-06,1435.9,1435.9,1435.9,1435.9,0.35K,0.0055
516,2018-04-05,1428.1,1428.1,1428.1,1428.1,0.26K,-0.0081
517,2018-04-04,1439.7,1439.7,1439.7,1439.7,0.72K,0.0022
518,2018-04-03,1436.5,1436.5,1436.5,1436.5,0.70K,-0.0064
519,2018-04-02,1445.8,1445.8,1445.8,1445.8,0.65K,0.0139
520,2018-03-29,1426.0,1426.0,1426.0,1426.0,5.59K,-0.002
521,2018-03-28,1428.9,1428.9,1428.9,1428.9,59.28K,-0.0131
522,2018-03-27,1447.8,1447.8,1447.8,1447.8,0.01K,-0.009000000000000001
523,2018-03-26,1461.0,1461.0,1461.0,1461.0,0.01K,0.0041
524,2018-03-23,1455.0,1455.0,1455.0,1455.0,0.01K,0.0159
525,2018-03-22,1432.2,1432.2,1432.2,1432.2,0.00K,0.0039
526,2018-03-21,1426.6,1426.6,1426.6,1426.6,0.01K,0.0073
527,2018-03-20,1416.2,1416.2,1416.2,1416.2,0.00K,-0.0039
528,2018-03-19,1421.7,1421.7,1421.7,1421.7,0.01K,0.0038
529,2018-03-16,1416.3,1416.3,1416.3,1416.3,0.03K,-0.0038
530,2018-03-15,1421.7,1421.7,1421.7,1421.7,0.10K,-0.0056
531,2018-03-14,1429.7,1429.7,1429.7,1429.7,0.03K,-0.0012
532,2018-03-13,1431.4,1433.4,1433.4,1433.4,0.00K,0.0046
533,2018-03-12,1424.8,1424.8,1424.8,1424.8,0.00K,-0.0022
534,2018-03-09,1428.0,1428.0,1428.0,1428.0,0.09K,0.003
535,2018-03-08,1423.7,1423.7,1423.7,1423.7,0.06K,-0.0029
536,2018-03-07,1427.9,1427.9,1427.9,1427.9,0.03K,-0.0056
537,2018-03-06,1435.9,1435.9,1435.9,1435.9,0.02K,0.0108
538,2018-03-05,1420.5,1420.5,1420.5,1420.5,0.02K,-0.0026
539,2018-03-02,1424.2,1424.2,1424.2,1424.2,0.16K,0.0129
540,2018-03-01,1406.0,1406.0,1406.0,1406.0,0.04K,-0.0093
541,2018-02-28,1419.2,1419.2,1419.2,1419.2,0.06K,-0.0003
542,2018-02-27,1419.6,1419.6,1419.6,1419.6,0.05K,-0.0094
543,2018-02-26,1433.1,1433.1,1433.1,1433.1,0.04K,0.0029
544,2018-02-23,1429.0,1429.0,1429.0,1429.0,0.43K,-0.0017
545,2018-02-22,1431.4,1431.4,1431.4,1431.4,0.07K,0.0006
546,2018-02-21,1430.6,1430.6,1430.6,1430.6,0.12K,0.0015
547,2018-02-20,1428.4,1428.4,1428.4,1428.4,0.28K,0.0598
548,2018-02-19,1347.8,1350.4,1353.9,1347.4,-,-0.002
549,2018-02-18,1350.5,1349.7,1352.4,1349.7,-,-0.0704
550,2018-02-16,1452.8,1452.8,1452.8,1452.8,0.11K,0.0009
551,2018-02-15,1451.5,1451.5,1451.5,1451.5,0.11K,-0.001
552,2018-02-14,1452.9,1452.9,1452.9,1452.9,0.40K,0.0197
553,2018-02-13,1424.8,1424.8,1424.8,1424.8,0.07K,0.0027
554,2018-02-12,1420.9,1420.9,1420.9,1420.9,0.14K,0.0077
555,2018-02-09,1410.1,1410.1,1410.1,1410.1,0.00K,-0.0033
556,2018-02-08,1414.8,1414.8,1414.8,1414.8,0.46K,0.0029
557,2018-02-07,1410.7,1410.7,1410.7,1410.7,0.49K,-0.0103
558,2018-02-06,1425.4,1425.4,1425.4,1425.4,0.53K,-0.0052
559,2018-02-05,1432.9,1432.9,1432.9,1432.9,0.64K,-0.0012
560,2018-02-02,1434.6,1434.6,1434.6,1434.6,2.84K,-0.0073
561,2018-02-01,1445.1,1445.1,1445.1,1445.1,1.68K,0.004
562,2018-01-31,1439.4,1439.4,1439.4,1439.4,4.88K,0.0022
563,2018-01-30,1436.2,1436.2,1436.2,1436.2,52.10K,-0.0035
564,2018-01-29,1441.3,1441.3,1441.3,1441.3,0.00K,-0.0085
565,2018-01-26,1453.7,1453.7,1453.7,1453.7,0.05K,-0.0064
566,2018-01-25,1463.1,1463.1,1463.1,1463.1,0.00K,0.0047
567,2018-01-24,1456.3,1456.3,1456.3,1456.3,0.02K,0.0154
568,2018-01-23,1434.2,1434.2,1434.2,1434.2,0.05K,0.0032
569,2018-01-22,1429.6,1429.6,1429.6,1429.6,0.16K,0.0026
570,2018-01-19,1425.9,1425.9,1425.9,1425.9,0.05K,0.0049
571,2018-01-18,1419.0,1419.0,1419.0,1419.0,0.21K,-0.0084
572,2018-01-17,1431.0,1431.0,1431.0,1431.0,0.03K,0.002
573,2018-01-16,1428.1,1428.1,1428.1,1428.1,0.01K,0.0643
574,2018-01-15,1341.8,1337.3,1344.9,1337.0,-,0.0033
575,2018-01-14,1337.4,1337.7,1338.6,1336.4,-,-0.0619
576,2018-01-12,1425.7,1425.7,1425.7,1425.7,0.01K,0.0101
577,2018-01-11,1411.4,1411.4,1411.4,1411.4,0.01K,0.0022
578,2018-01-10,1408.3,1408.3,1408.3,1408.3,0.00K,0.005
579,2018-01-09,1401.3,1398.0,1398.0,1398.0,0.00K,-0.0043
580,2018-01-08,1407.4,1407.4,1407.4,1407.4,0.04K,-0.0006
581,2018-01-05,1408.3,1408.3,1408.3,1408.3,0.00K,0.0007
582,2018-01-04,1407.3,1407.3,1407.3,1407.3,0.00K,0.0024
583,2018-01-03,1404.0,1399.0,1399.0,1399.0,0.00K,0.0028
584,2018-01-02,1400.1,1400.1,1400.1,1400.1,0.00K,0.0698
585,2018-01-01,1308.7,1305.8,1309.7,1304.6,-,-0.0598
586,2017-12-29,1391.9,1391.9,1391.9,1391.9,0.07K,0.0091
587,2017-12-28,1379.4,1372.1,1372.1,1372.0,0.01K,0.0052
588,2017-12-27,1372.3,1372.3,1372.3,1372.3,0.07K,0.0028
589,2017-12-26,1368.5,1368.5,1368.5,1368.5,0.08K,0.0709
590,2017-12-25,1277.9,1278.9,1279.5,1277.9,-,-0.0602
591,2017-12-22,1359.8,1353.7,1354.3,1353.7,0.00K,0.0063
592,2017-12-21,1351.3,1351.3,1351.3,1351.3,0.23K,0.0007
593,2017-12-20,1350.4,1350.4,1350.4,1350.4,0.06K,0.0042
594,2017-12-19,1344.8,1344.8,1344.8,1344.8,0.33K,-0.0006
595,2017-12-18,1345.6,1345.6,1345.6,1345.6,0.05K,0.0061
596,2017-12-15,1337.4,1337.4,1337.4,1337.4,0.58K,0.0001
597,2017-12-14,1337.2,1342.0,1342.0,1334.0,0.00K,0.0064
598,2017-12-13,1328.7,1328.7,1328.7,1328.7,0.35K,0.0051
599,2017-12-12,1321.9,1321.9,1321.9,1321.9,0.06K,-0.0037
600,2017-12-11,1326.8,1326.8,1326.8,1326.8,0.15K,-0.001
601,2017-12-08,1328.1,1330.5,1330.5,1330.5,0.00K,-0.0037
602,2017-12-07,1333.0,1327.6,1327.6,1327.6,0.01K,-0.0098
603,2017-12-06,1346.2,1346.2,1346.2,1346.2,0.37K,0.0008
604,2017-12-05,1345.1,1345.1,1345.1,1345.1,1.50K,-0.0095
605,2017-12-04,1358.0,1358.0,1358.0,1358.0,0.85K,-0.0035
606,2017-12-01,1362.8,1362.8,1362.8,1362.8,0.82K,0.0041
607,2017-11-30,1357.3,1357.3,1357.3,1357.3,3.05K,-0.0067
608,2017-11-29,1366.4,1382.0,1382.0,1382.0,0.01K,-0.0091
609,2017-11-28,1379.0,1379.0,1379.0,1379.0,4.06K,0.0002
610,2017-11-27,1378.7,1378.7,1378.7,1378.7,0.00K,0.0052
611,2017-11-24,1371.6,1371.6,1371.6,1371.6,0.01K,0.0619
612,2017-11-23,1291.66,1291.19,1293.87,1287.65,-,-0.0616
613,2017-11-22,1376.4,1376.4,1376.4,1376.4,0.03K,0.0085
614,2017-11-21,1364.8,1364.8,1364.8,1364.8,0.02K,0.0053
615,2017-11-20,1357.6,1357.6,1357.6,1357.6,0.00K,-0.0148
616,2017-11-17,1378.0,1378.0,1378.0,1378.0,0.00K,0.0137
617,2017-11-16,1359.4,1359.4,1359.4,1359.4,0.04K,0.0005
618,2017-11-15,1358.7,1358.7,1358.7,1358.7,0.01K,-0.004
619,2017-11-14,1364.2,1364.2,1364.2,1364.2,0.00K,0.0028
620,2017-11-13,1360.4,1360.4,1360.4,1360.4,0.02K,0.0044
621,2017-11-10,1354.5,1354.5,1354.5,1354.5,0.10K,-0.009000000000000001
622,2017-11-09,1366.8,1366.8,1366.8,1366.8,0.02K,0.0033
623,2017-11-08,1362.3,1362.3,1362.3,1362.3,0.02K,0.0062
624,2017-11-07,1353.9,1353.9,1353.9,1353.9,0.01K,-0.0043
625,2017-11-06,1359.7,1359.7,1359.7,1359.7,0.13K,0.0095
626,2017-11-03,1346.9,1346.9,1346.9,1346.9,0.08K,-0.0063
627,2017-11-02,1355.4,1355.4,1355.4,1355.4,0.07K,0.0006
628,2017-11-01,1354.6,1354.6,1354.6,1354.6,0.08K,0.0051
629,2017-10-31,1347.7,1347.7,1347.7,1347.7,0.24K,-0.0053
630,2017-10-30,1354.9,1354.9,1354.9,1354.9,0.22K,0.0043
631,2017-10-27,1349.1,1351.7,1351.7,1351.7,0.00K,0.0019
632,2017-10-26,1346.5,1346.5,1346.5,1346.5,0.04K,-0.0066
633,2017-10-25,1355.5,1355.5,1355.5,1355.5,0.11K,0.001
634,2017-10-24,1354.2,1354.2,1354.2,1354.2,0.11K,-0.002
635,2017-10-23,1356.9,1356.9,1356.9,1356.9,0.12K,0.0005
636,2017-10-20,1356.2,1356.2,1356.2,1356.2,0.30K,-0.0071
637,2017-10-19,1365.9,1365.9,1365.9,1365.9,0.13K,0.0049
638,2017-10-18,1359.3,1359.3,1359.3,1359.3,0.16K,-0.0023
639,2017-10-17,1362.5,1362.5,1362.5,1362.5,0.57K,-0.0125
640,2017-10-16,1379.7,1382.0,1382.0,1382.0,0.01K,-0.0005
641,2017-10-13,1380.4,1372.0,1372.0,1372.0,0.00K,0.0059
642,2017-10-12,1372.3,1372.3,1372.3,1372.3,0.01K,0.0057
643,2017-10-11,1364.5,1364.5,1364.5,1364.5,0.02K,-0.0036
644,2017-10-10,1369.4,1374.7,1374.7,1374.7,0.00K,0.0066
645,2017-10-09,1360.4,1362.0,1362.0,1362.0,0.00K,0.0077
646,2017-10-06,1350.0,1350.0,1350.0,1350.0,0.05K,0.0013
647,2017-10-05,1348.3,1348.3,1348.3,1348.3,0.04K,-0.002
648,2017-10-04,1351.0,1351.0,1351.0,1351.0,0.22K,0.0016
649,2017-10-03,1348.8,1353.3,1353.3,1353.3,0.00K,-0.001
650,2017-10-02,1350.1,1350.1,1350.1,1350.1,0.14K,-0.0055
651,2017-09-29,1357.6,1357.6,1357.6,1357.6,0.49K,-0.0027
652,2017-09-28,1361.3,1361.3,1361.3,1361.3,0.05K,0.0004
653,2017-09-27,1360.7,1360.7,1360.7,1360.7,0.02K,-0.0098
654,2017-09-26,1374.1,1374.1,1374.1,1374.1,0.04K,-0.0068
655,2017-09-25,1383.5,1382.0,1382.0,1382.0,0.00K,0.0103
656,2017-09-22,1369.4,1369.4,1369.4,1369.4,0.21K,0.002
657,2017-09-21,1366.7,1367.3,1367.3,1367.3,0.00K,-0.0156
658,2017-09-20,1388.3,1388.3,1388.3,1388.3,0.01K,0.0041
659,2017-09-19,1382.6,1382.6,1382.6,1382.6,0.05K,0.0017
660,2017-09-18,1380.3,1380.3,1380.3,1380.3,0.00K,-0.0106
661,2017-09-15,1395.1,1395.1,1395.1,1395.1,0.02K,-0.0029
662,2017-09-14,1399.2,1399.2,1399.2,1399.2,0.32K,0.0018
663,2017-09-13,1396.7,1396.7,1396.7,1396.7,0.08K,-0.0036
664,2017-09-12,1401.8,1406.6,1406.6,1406.6,0.03K,-0.0016
665,2017-09-11,1404.1,1404.1,1404.1,1404.1,0.00K,-0.0107
666,2017-09-08,1419.3,1419.3,1419.3,1419.3,0.04K,0.0009
667,2017-09-07,1418.0,1418.0,1418.0,1418.0,0.03K,0.0086
668,2017-09-06,1405.9,1405.9,1405.9,1405.9,0.08K,-0.0038
669,2017-09-05,1411.2,1411.2,1411.2,1411.2,0.01K,0.0546
670,2017-09-04,1338.08,1341.21,1344.59,1337.01,-,-0.0023
671,2017-09-03,1341.22,1340.54,1342.07,1338.96,-,-0.04
672,2017-09-01,1397.1,1397.1,1397.1,1397.1,0.04K,0.0062
673,2017-08-31,1388.5,1389.5,1393.7,1389.5,0.00K,0.0055
674,2017-08-30,1380.9,1380.9,1380.9,1380.9,0.37K,-0.0035
675,2017-08-29,1385.7,1385.7,1385.7,1385.7,0.30K,0.0022
676,2017-08-28,1382.6,1381.9,1381.9,1381.9,0.00K,0.013
677,2017-08-25,1364.8,1364.8,1364.8,1364.8,0.28K,0.0043
678,2017-08-24,1358.9,1358.9,1358.9,1358.9,0.55K,-0.0021
679,2017-08-23,1361.7,1361.7,1361.7,1361.7,0.25K,0.0023
680,2017-08-22,1358.6,1358.6,1358.6,1358.6,0.10K,-0.004
681,2017-08-21,1364.1,1364.1,1364.1,1364.1,0.02K,0.0039
682,2017-08-18,1358.8,1362.7,1372.5,1362.7,0.00K,-0.0008
683,2017-08-17,1359.9,1359.9,1359.9,1359.9,0.04K,0.0067
684,2017-08-16,1350.8,1350.8,1350.8,1350.8,0.11K,0.0024
685,2017-08-15,1347.5,1347.5,1347.5,1347.5,0.19K,-0.0078
686,2017-08-14,1358.1,1358.1,1358.1,1358.1,0.34K,-0.0024
687,2017-08-11,1361.4,1361.4,1361.4,1361.4,0.14K,0.0027
688,2017-08-10,1357.8,1357.8,1357.8,1357.8,0.61K,0.008
689,2017-08-09,1347.0,1347.0,1347.0,1347.0,0.57K,0.0125
690,2017-08-08,1330.4,1330.4,1330.4,1330.4,0.56K,-0.0012
691,2017-08-07,1332.0,1326.4,1326.4,1326.4,0.00K,0.0002
692,2017-08-04,1331.7,1331.7,1331.7,1331.7,0.52K,-0.0074
693,2017-08-03,1341.6,1341.6,1341.6,1341.6,0.00K,-0.0029
694,2017-08-02,1345.5,1345.5,1345.5,1345.5,0.39K,-0.0006
695,2017-08-01,1346.3,1346.3,1346.3,1346.3,1.06K,0.0042
696,2017-07-31,1340.7,1340.7,1340.7,1340.7,7.78K,-0.0014
697,2017-07-28,1342.6,1342.6,1342.6,1342.6,64.18K,0.0067
698,2017-07-27,1333.7,1333.7,1333.7,1333.7,0.05K,0.0085
699,2017-07-26,1322.4,1322.4,1322.4,1322.4,0.00K,-0.0006
700,2017-07-25,1323.2,1323.2,1323.2,1323.2,0.02K,-0.0017
701,2017-07-24,1325.4,1323.6,1323.6,1323.6,0.00K,-0.0004
702,2017-07-21,1325.9,1325.9,1325.9,1325.9,0.02K,0.0067
703,2017-07-20,1317.1,1317.1,1317.1,1317.1,0.01K,0.0026
704,2017-07-19,1313.7,1313.7,1313.7,1313.7,0.00K,0.0002
705,2017-07-18,1313.5,1313.5,1313.5,1313.5,0.03K,0.0062
706,2017-07-17,1305.4,1305.4,1305.4,1305.4,0.01K,0.0051
707,2017-07-14,1298.8,1289.0,1289.0,1289.0,0.00K,0.008
708,2017-07-13,1288.5,1288.5,1288.5,1288.5,0.01K,-0.0021
709,2017-07-12,1291.2,1291.2,1291.2,1291.2,0.01K,0.0027
710,2017-07-11,1287.7,1287.7,1287.7,1287.7,0.01K,0.0013
711,2017-07-10,1286.0,1286.0,1286.0,1286.0,0.03K,0.0028
712,2017-07-07,1282.4,1282.3,1282.3,1282.3,0.00K,-0.011
713,2017-07-06,1296.7,1296.7,1296.7,1296.7,0.00K,0.0022
714,2017-07-05,1293.9,1293.9,1293.9,1293.9,0.00K,0.0541
715,2017-07-04,1227.55,1224.3,1228.03,1221.49,-,-0.0491
716,2017-07-03,1290.9,1289.9,1289.9,1289.0,0.02K,-0.0176
717,2017-06-30,1314.0,1314.0,1314.0,1314.0,0.04K,-0.0028
718,2017-06-29,1317.7,1322.8,1322.8,1313.7,0.00K,-0.0023
719,2017-06-28,1320.8,1320.8,1320.8,1320.8,0.01K,0.0018
720,2017-06-27,1318.4,1318.4,1318.4,1318.4,0.11K,0.0005
721,2017-06-26,1317.7,1317.7,1317.7,1317.7,0.19K,-0.0075
722,2017-06-23,1327.7,1327.7,1327.7,1327.7,0.00K,0.0055
723,2017-06-22,1320.4,1320.4,1320.4,1320.4,0.16K,0.0025
724,2017-06-21,1317.1,1317.1,1317.1,1317.1,0.01K,0.0014
725,2017-06-20,1315.2,1315.2,1315.2,1315.2,0.08K,-0.0027
726,2017-06-19,1318.8,1318.8,1318.8,1318.8,0.11K,-0.0073
727,2017-06-16,1328.5,1328.5,1328.5,1328.5,0.03K,0.0013
728,2017-06-15,1326.8,1326.8,1326.8,1326.8,0.74K,-0.0159
729,2017-06-14,1348.2,1348.2,1348.2,1348.2,0.34K,0.0052
730,2017-06-13,1341.2,1342.8,1342.8,1342.8,0.00K,-0.0002
731,2017-06-12,1341.5,1341.5,1341.5,1341.5,0.26K,-0.0018
732,2017-06-09,1343.9,1343.9,1343.9,1343.9,0.00K,-0.0059
733,2017-06-08,1351.9,1351.9,1351.9,1351.9,0.32K,-0.01
734,2017-06-07,1365.6,1365.6,1365.6,1365.6,0.64K,-0.0032
735,2017-06-06,1370.0,1370.0,1370.0,1370.0,0.94K,0.0106
736,2017-06-05,1355.6,1355.6,1355.6,1355.6,0.43K,0.0018
737,2017-06-02,1353.1,1353.1,1353.1,1353.1,1.73K,0.0074
738,2017-06-01,1343.2,1343.2,1343.2,1343.2,0.83K,-0.0039
739,2017-05-31,1348.5,1348.5,1348.5,1348.5,2.71K,0.006999999999999999
740,2017-05-30,1339.1,1339.1,1339.1,1339.1,129.82K,0.0572
741,2017-05-29,1266.69,1268.02,1268.6,1264.96,-,-0.0012
742,2017-05-28,1268.22,1266.31,1269.02,1266.31,-,-0.0569
743,2017-05-26,1344.8,1344.8,1344.8,1344.8,0.00K,0.0086
744,2017-05-25,1333.3,1333.3,1333.3,1333.3,0.01K,0.0027
745,2017-05-24,1329.7,1329.7,1329.7,1329.7,0.01K,-0.0018
746,2017-05-23,1332.1,1332.1,1332.1,1332.1,0.02K,-0.0044
747,2017-05-22,1338.0,1338.0,1338.0,1338.0,0.01K,0.0061
748,2017-05-19,1329.9,1329.9,1329.9,1329.9,0.01K,0.0005
749,2017-05-18,1329.2,1339.8,1340.0,1339.8,0.04K,-0.0052
750,2017-05-17,1336.2,1336.2,1336.2,1336.2,0.03K,0.0166
751,2017-05-16,1314.4,1312.7,1312.7,1312.7,0.00K,0.0049
752,2017-05-15,1308.0,1307.5,1308.0,1307.5,0.00K,0.0018
753,2017-05-12,1305.7,1305.7,1305.7,1305.7,0.03K,0.0021
754,2017-05-11,1302.9,1302.9,1302.9,1302.9,0.01K,0.0041
755,2017-05-10,1297.6,1305.0,1305.2,1305.0,0.01K,0.0019
756,2017-05-09,1295.1,1306.1,1306.1,1303.2,0.01K,-0.0084
757,2017-05-08,1306.1,1306.1,1306.1,1306.1,0.04K,0.0002
758,2017-05-05,1305.8,1305.8,1305.8,1305.8,0.02K,-0.0012
759,2017-05-04,1307.4,1312.1,1312.1,1312.1,0.00K,-0.0152
760,2017-05-03,1327.6,1326.9,1326.9,1326.9,0.00K,-0.0064
761,2017-05-02,1336.1,1336.1,1336.1,1336.1,0.09K,0.0011
762,2017-05-01,1334.6,1334.6,1334.6,1334.6,0.03K,-0.0093
763,2017-04-28,1347.1,1347.1,1347.1,1347.1,0.09K,0.0018
764,2017-04-27,1344.7,1344.7,1344.7,1344.7,0.21K,0.0013
765,2017-04-26,1343.0,1343.0,1343.0,1343.0,0.10K,-0.0022
766,2017-04-25,1346.0,1346.0,1346.0,1346.0,0.36K,-0.0072
767,2017-04-24,1355.8,1355.8,1355.8,1355.8,0.61K,-0.0082
768,2017-04-21,1367.0,1359.8,1378.0,1359.8,0.00K,0.0039
769,2017-04-20,1361.7,1361.7,1361.7,1361.7,0.13K,0.0009
770,2017-04-19,1360.5,1360.5,1360.5,1360.5,0.19K,-0.0076
771,2017-04-18,1370.9,1370.9,1370.9,1370.9,0.00K,0.0008
772,2017-04-17,1369.8,1369.8,1369.8,1369.8,0.07K,0.0621
773,2017-04-14,1289.65,1289.65,1289.65,1289.65,-,-0.0564
774,2017-04-13,1366.7,1366.7,1366.7,1366.7,0.92K,0.0069
775,2017-04-12,1357.3,1357.3,1357.3,1357.3,0.00K,0.0029
776,2017-04-11,1353.4,1353.4,1353.4,1353.4,0.40K,0.0151
777,2017-04-10,1333.3,1333.3,1333.3,1333.3,0.18K,-0.0026
778,2017-04-07,1336.8,1336.8,1336.8,1336.8,0.00K,0.0033
779,2017-04-06,1332.4,1332.4,1332.4,1332.4,0.00K,0.0037
780,2017-04-05,1327.5,1327.5,1327.5,1327.5,0.91K,-0.006999999999999999
781,2017-04-04,1336.8,1333.1,1333.1,1333.1,0.00K,0.0031
782,2017-04-03,1332.7,1332.7,1332.7,1332.7,1.16K,0.0022
783,2017-03-31,1329.8,1339.0,1339.0,1339.0,0.00K,0.0023
784,2017-03-30,1326.7,1344.0,1344.0,1341.3,0.00K,-0.0066
785,2017-03-29,1335.5,1335.5,1335.5,1335.5,0.04K,-0.0015
786,2017-03-28,1337.5,1338.7,1338.7,1338.7,0.00K,0.0001
787,2017-03-27,1337.4,1337.4,1337.4,1337.4,0.07K,0.0053
788,2017-03-24,1330.4,1330.4,1330.4,1330.4,0.00K,0.0014
789,2017-03-23,1328.5,1328.5,1328.5,1328.5,0.02K,-0.0023
790,2017-03-22,1331.5,1331.5,1331.5,1331.5,0.00K,0.0019
791,2017-03-21,1329.0,1316.5,1316.5,1316.5,0.00K,0.009000000000000001
792,2017-03-20,1317.2,1317.2,1317.2,1317.2,0.02K,0.0027
793,2017-03-17,1313.6,1313.6,1313.6,1313.6,0.03K,0.0022
794,2017-03-16,1310.7,1310.7,1310.7,1310.7,0.05K,0.0206
795,2017-03-15,1284.3,1284.3,1284.3,1284.3,0.04K,-0.0016
796,2017-03-14,1286.3,1286.3,1286.3,1286.3,0.02K,-0.0002
797,2017-03-13,1286.6,1294.0,1294.0,1294.0,0.02K,0.002
798,2017-03-10,1284.0,1284.0,1284.0,1284.0,0.00K,-0.0013
799,2017-03-09,1285.7,1285.7,1285.7,1285.7,0.04K,-0.0048
800,2017-03-08,1291.9,1291.9,1291.9,1291.9,0.02K,-0.0045
801,2017-03-07,1297.7,1307.6,1307.6,1307.5,0.03K,-0.0073
802,2017-03-06,1307.3,1307.3,1307.3,1307.3,0.03K,-0.0011
803,2017-03-03,1308.8,1308.8,1308.8,1308.8,0.12K,-0.0039
804,2017-03-02,1313.9,1313.9,1313.9,1313.9,0.08K,-0.0129
805,2017-03-01,1331.1,1331.1,1331.1,1331.1,0.14K,-0.0024
806,2017-02-28,1334.3,1334.3,1334.3,1334.3,0.72K,-0.0036
807,2017-02-27,1339.1,1339.1,1339.1,1339.1,0.54K,0.0005
808,2017-02-24,1338.4,1338.4,1338.4,1338.4,0.09K,0.005
809,2017-02-23,1331.7,1331.7,1331.7,1331.7,0.03K,0.014
810,2017-02-22,1313.3,1313.3,1313.3,1313.3,0.00K,-0.0045
811,2017-02-21,1319.2,1319.2,1319.2,1319.2,0.00K,0.0654
812,2017-02-20,1238.2,1237.25,1240.15,1233.5,-,0.0007
813,2017-02-19,1237.3,1236.0,1239.25,1236.0,-,-0.0622
814,2017-02-17,1319.4,1319.4,1319.4,1319.4,0.30K,-0.0025
815,2017-02-16,1322.7,1322.7,1322.7,1322.7,0.00K,0.0065
816,2017-02-15,1314.2,1314.2,1314.2,1314.2,0.18K,0.0071
817,2017-02-14,1304.9,1304.9,1304.9,1304.9,0.16K,0.0
818,2017-02-13,1304.9,1304.9,1304.9,1304.9,0.40K,-0.0073
819,2017-02-10,1314.5,1319.0,1319.0,1319.0,0.00K,-0.0007
820,2017-02-09,1315.4,1315.4,1315.4,1315.4,0.89K,-0.0022
821,2017-02-08,1318.3,1323.9,1323.9,1323.9,0.00K,0.0014
822,2017-02-07,1316.4,1314.1,1314.1,1314.1,0.00K,0.0024
823,2017-02-06,1313.3,1313.3,1313.3,1313.3,0.91K,0.0085
824,2017-02-03,1302.2,1302.2,1302.2,1302.2,0.87K,0.0012
825,2017-02-02,1300.6,1300.6,1300.6,1300.6,1.51K,0.0086
826,2017-02-01,1289.5,1289.0,1291.0,1289.0,0.00K,-0.0018
827,2017-01-31,1291.8,1291.8,1291.8,1291.8,3.21K,0.0121
828,2017-01-30,1276.4,1276.4,1276.4,1276.4,50.50K,0.0037
829,2017-01-27,1271.7,1271.7,1271.7,1271.7,0.02K,-0.0009
830,2017-01-26,1272.9,1275.1,1275.1,1275.1,0.01K,-0.0064
831,2017-01-25,1281.1,1281.1,1281.1,1281.1,0.40K,-0.01
832,2017-01-24,1294.1,1299.6,1299.6,1295.4,0.01K,-0.0037
833,2017-01-23,1298.9,1298.9,1298.9,1298.9,0.02K,0.0075
834,2017-01-20,1289.2,1289.2,1289.2,1289.2,0.04K,0.0029
835,2017-01-19,1285.5,1284.0,1284.0,1284.0,0.00K,-0.0079
836,2017-01-18,1295.7,1295.7,1295.7,1295.7,0.11K,-0.0013
837,2017-01-17,1297.4,1297.4,1297.4,1297.4,0.08K,0.0786
838,2017-01-16,1202.85,1203.25,1208.45,1200.0,-,-0.0004
839,2017-01-15,1203.35,1197.3,1205.05,1197.3,-,-0.0608
840,2017-01-13,1281.3,1281.3,1281.3,1281.3,0.02K,-0.0016
841,2017-01-12,1283.3,1283.3,1283.3,1283.3,0.11K,0.0026
842,2017-01-11,1280.0,1280.0,1280.0,1280.0,0.02K,0.0091
843,2017-01-10,1268.5,1268.5,1268.5,1268.5,0.00K,0.0007
844,2017-01-09,1267.6,1262.8,1262.8,1262.8,0.00K,0.0095
845,2017-01-06,1255.7,1256.0,1256.0,1256.0,0.01K,-0.0051
846,2017-01-05,1262.1,1262.1,1262.1,1262.1,0.01K,0.012
847,2017-01-04,1247.1,1247.1,1247.1,1247.1,0.04K,0.0019
848,2017-01-03,1244.7,1232.4,1234.0,1232.4,0.00K,0.0814
849,2017-01-02,1151.05,1151.0,1153.25,1150.0,-,-0.0676
850,2016-12-30,1234.5,1239.0,1239.0,1239.0,0.00K,-0.0054
851,2016-12-29,1241.2,1241.2,1241.2,1241.2,0.95K,0.0141
852,2016-12-28,1224.0,1224.0,1224.0,1224.0,0.21K,0.0017
853,2016-12-27,1221.9,1221.9,1221.9,1221.9,0.00K,0.077
854,2016-12-26,1134.55,1135.0,1136.05,1134.0,-,-0.0004
855,2016-12-25,1135.0,1135.0,1135.0,1135.0,-,-0.0672
856,2016-12-23,1216.8,1216.8,1216.8,1216.8,0.00K,0.0025
857,2016-12-22,1213.8,1213.8,1213.8,1213.8,0.10K,-0.0022
858,2016-12-21,1216.5,1216.5,1216.5,1216.5,0.05K,-0.0004
859,2016-12-20,1217.0,1217.0,1217.0,1217.0,0.00K,-0.0073
860,2016-12-19,1225.9,1225.9,1225.9,1225.9,0.25K,0.0041
861,2016-12-16,1220.9,1220.9,1220.9,1220.9,0.15K,0.0064
862,2016-12-15,1213.1,1213.1,1213.1,1213.1,0.00K,-0.0204
863,2016-12-14,1238.3,1238.3,1238.3,1238.3,0.01K,0.0038
864,2016-12-13,1233.6,1233.6,1233.6,1233.6,0.64K,-0.0054
865,2016-12-12,1240.3,1240.3,1240.3,1240.3,0.33K,0.0035
866,2016-12-09,1236.0,1236.0,1236.0,1236.0,0.37K,-0.0083
867,2016-12-08,1246.4,1246.4,1246.4,1246.4,0.32K,-0.0034
868,2016-12-07,1250.6,1250.6,1250.6,1250.6,0.18K,0.0126
869,2016-12-06,1235.0,1235.0,1235.0,1235.0,0.65K,-0.0054
870,2016-12-05,1241.7,1236.7,1236.7,1236.7,0.00K,-0.0006
871,2016-12-02,1242.4,1242.4,1242.4,1242.4,1.52K,0.0071
872,2016-12-01,1233.7,1233.7,1233.7,1233.7,1.59K,-0.0038
873,2016-11-30,1238.4,1238.4,1238.4,1238.4,7.16K,-0.0136
874,2016-11-29,1255.5,1255.5,1255.5,1255.5,42.12K,-0.0025
875,2016-11-28,1258.6,1258.6,1258.6,1258.6,0.02K,0.0105
876,2016-11-25,1245.5,1245.5,1245.5,1245.5,0.01K,0.0506
877,2016-11-24,1185.55,1189.2,1190.3,1179.75,-,-0.0568
878,2016-11-23,1256.9,1256.9,1256.9,1256.9,0.31K,-0.0165
879,2016-11-22,1278.0,1278.0,1278.0,1278.0,0.02K,0.0009
880,2016-11-21,1276.8,1276.8,1276.8,1276.8,-,0.0003
881,2016-11-18,1276.4,1276.4,1276.4,1276.4,0.61K,-0.0058
882,2016-11-17,1283.8,1283.8,1283.8,1283.8,1.14K,-0.005
883,2016-11-16,1290.3,1290.3,1290.3,1290.3,0.07K,-0.0005
884,2016-11-15,1290.9,1290.9,1290.9,1290.9,0.02K,0.0031
885,2016-11-14,1286.9,1286.9,1286.9,1286.9,0.00K,0.0033
886,2016-11-11,1282.7,1282.7,1282.7,1282.7,0.60K,-0.0331
887,2016-11-10,1326.6,1326.6,1326.6,1326.6,0.06K,-0.0068
888,2016-11-09,1335.7,1334.0,1334.0,1334.0,0.00K,-0.0004
889,2016-11-08,1336.2,1336.2,1336.2,1336.2,0.05K,-0.0031
890,2016-11-07,1340.4,1340.4,1340.4,1340.4,0.03K,-0.0185
891,2016-11-04,1365.7,1365.7,1365.7,1365.7,0.01K,0.0014
892,2016-11-03,1363.8,1363.8,1363.8,1363.8,0.07K,-0.0031
893,2016-11-02,1368.0,1368.0,1368.0,1368.0,0.03K,0.0148
894,2016-11-01,1348.0,1348.0,1348.0,1348.0,0.15K,0.0107
895,2016-10-31,1333.7,1333.7,1333.7,1333.7,0.06K,-0.0025
896,2016-10-28,1337.1,1337.1,1337.1,1337.1,0.56K,0.0053
897,2016-10-27,1330.0,1330.0,1330.0,1330.0,0.00K,0.0041
898,2016-10-26,1324.6,1324.6,1324.6,1324.6,0.28K,-0.0053
899,2016-10-25,1331.6,1331.6,1331.6,1331.6,0.06K,0.0109
900,2016-10-24,1317.2,1317.2,1317.2,1317.2,0.04K,-0.0044
901,2016-10-21,1323.0,1323.0,1323.0,1323.0,0.22K,-0.0004
902,2016-10-20,1323.5,1323.5,1323.5,1323.5,0.42K,-0.0013
903,2016-10-19,1325.2,1325.2,1325.2,1325.2,0.22K,0.005
904,2016-10-18,1318.6,1318.6,1318.6,1318.6,0.01K,0.0052
905,2016-10-17,1311.8,1311.8,1311.8,1311.8,0.04K,0.0011
906,2016-10-14,1310.4,1310.4,1310.4,1310.4,0.31K,-0.0014
907,2016-10-13,1312.3,1312.3,1312.3,1312.3,0.32K,0.0035
908,2016-10-12,1307.7,1307.7,1307.7,1307.7,0.13K,-0.0014
909,2016-10-11,1309.5,1309.5,1309.5,1309.5,0.03K,-0.0033
910,2016-10-10,1313.9,1313.9,1313.9,1313.9,0.03K,0.0072
911,2016-10-07,1304.5,1304.5,1304.5,1304.5,0.17K,-0.0008
912,2016-10-06,1305.5,1305.5,1305.5,1305.5,0.11K,-0.012
913,2016-10-05,1321.3,1321.3,1321.3,1321.3,0.25K,-0.0006
914,2016-10-04,1322.1,1322.1,1322.1,1322.1,1.89K,-0.0321
915,2016-10-03,1365.9,1365.9,1365.9,1365.9,0.30K,-0.0033
916,2016-09-30,1370.4,1383.5,1383.5,1383.5,0.00K,-0.0063
917,2016-09-29,1379.1,1379.1,1379.1,1379.1,6.11K,0.0017
918,2016-09-28,1376.7,1376.7,1376.7,1376.7,0.03K,-0.0056
919,2016-09-27,1384.4,1384.4,1384.4,1384.4,0.05K,-0.0102
920,2016-09-26,1398.6,1398.6,1398.6,1398.6,0.03K,0.0019
921,2016-09-23,1396.0,1396.0,1396.0,1396.0,0.04K,-0.0023
922,2016-09-22,1399.2,1399.2,1399.2,1399.2,0.02K,0.0079
923,2016-09-21,1388.3,1388.3,1388.3,1388.3,0.08K,0.0099
924,2016-09-20,1374.7,1374.7,1374.7,1374.7,0.10K,0.0002
925,2016-09-19,1374.4,1374.4,1374.4,1374.4,0.02K,0.0053
926,2016-09-16,1367.1,1367.1,1367.1,1367.1,0.00K,-0.0057
927,2016-09-15,1374.9,1379.3,1379.3,1378.0,0.00K,-0.0061
928,2016-09-14,1383.3,1386.7,1386.7,1379.2,0.01K,0.0018
929,2016-09-13,1380.8,1380.8,1380.8,1380.8,0.25K,-0.0026
930,2016-09-12,1384.4,1384.4,1384.4,1384.4,0.18K,-0.0062
931,2016-09-09,1393.1,1393.1,1393.1,1393.1,0.04K,-0.0051
932,2016-09-08,1400.2,1400.2,1400.2,1400.2,0.03K,-0.0049
933,2016-09-07,1407.1,1407.1,1407.1,1407.1,0.01K,-0.0028
934,2016-09-06,1411.1,1411.1,1411.1,1411.1,0.05K,0.0601
935,2016-09-05,1331.1,1326.35,1332.15,1325.55,-,0.0037
936,2016-09-04,1326.25,1328.2,1328.75,1326.15,-,-0.0426
937,2016-09-02,1385.3,1385.3,1385.3,1385.3,0.06K,0.0093
938,2016-09-01,1372.6,1372.6,1372.6,1372.6,0.23K,0.0034
939,2016-08-31,1367.9,1367.9,1367.9,1367.9,0.21K,-0.0048
940,2016-08-30,1374.5,1374.5,1374.5,1374.5,0.71K,-0.0072
941,2016-08-29,1384.4,1384.4,1384.4,1384.4,0.04K,0.0009
942,2016-08-26,1383.2,1383.2,1383.2,1383.2,0.14K,-0.0006
943,2016-08-25,1384.0,1384.4,1384.4,1384.4,0.00K,-0.0046
944,2016-08-24,1390.4,1389.0,1389.0,1389.0,0.00K,-0.0124
945,2016-08-23,1407.8,1407.8,1407.8,1407.8,0.55K,0.0019
946,2016-08-22,1405.2,1405.2,1405.2,1405.2,0.12K,-0.002
947,2016-08-19,1408.0,1408.0,1408.0,1408.0,0.20K,-0.0078
948,2016-08-18,1419.1,1419.1,1419.1,1419.1,0.14K,0.006
949,2016-08-17,1410.6,1410.6,1410.6,1410.6,0.14K,-0.0059
950,2016-08-16,1419.0,1410.7,1410.7,1410.7,0.00K,0.006
951,2016-08-15,1410.6,1410.6,1410.6,1410.6,0.00K,0.0027
952,2016-08-12,1406.8,1406.8,1406.8,1406.8,0.11K,-0.0051
953,2016-08-11,1414.0,1414.0,1414.0,1414.0,0.67K,-0.0011
954,2016-08-10,1415.6,1415.6,1415.6,1415.6,0.11K,0.0035
955,2016-08-09,1410.6,1409.9,1409.9,1409.9,0.00K,0.0038
956,2016-08-08,1405.3,1405.3,1405.3,1405.3,0.59K,-0.0018
957,2016-08-05,1407.9,1407.9,1407.9,1407.9,1.11K,-0.014
958,2016-08-04,1427.9,1427.9,1427.9,1427.9,0.38K,0.0028
959,2016-08-03,1423.9,1423.9,1423.9,1423.9,0.72K,-0.0038
960,2016-08-02,1429.4,1429.4,1429.4,1429.4,0.05K,0.0093
961,2016-08-01,1416.2,1416.2,1416.2,1416.2,0.00K,0.0004
962,2016-07-29,1415.7,1415.7,1415.7,1415.7,6.08K,0.0121
963,2016-07-28,1398.8,1402.8,1402.8,1402.8,0.00K,0.0049
964,2016-07-27,1392.0,1392.0,1392.0,1392.0,0.00K,0.0068
965,2016-07-26,1382.6,1382.6,1382.6,1382.6,0.05K,0.0009
966,2016-07-25,1381.3,1381.3,1381.3,1381.3,0.55K,-0.003
967,2016-07-22,1385.5,1385.5,1385.5,1385.5,0.06K,-0.0048
968,2016-07-21,1392.2,1392.2,1392.2,1392.2,0.32K,0.0091
969,2016-07-20,1379.7,1379.7,1379.7,1379.7,0.75K,-0.009000000000000001
970,2016-07-19,1392.3,1392.3,1392.3,1392.3,0.35K,0.005
971,2016-07-18,1385.4,1385.4,1385.4,1385.4,0.05K,0.0014
972,2016-07-15,1383.5,1383.5,1383.5,1383.5,0.05K,-0.003
973,2016-07-14,1387.7,1387.7,1387.7,1387.7,0.02K,-0.0081
974,2016-07-13,1399.0,1399.0,1399.0,1399.0,0.00K,0.006
975,2016-07-12,1390.7,1390.7,1390.7,1390.7,0.25K,-0.0146
976,2016-07-11,1411.3,1411.3,1411.3,1411.3,0.03K,-0.0005
977,2016-07-08,1412.0,1412.0,1412.0,1412.0,0.25K,-0.0021
978,2016-07-07,1415.0,1415.0,1415.0,1415.0,0.21K,-0.0055
979,2016-07-06,1422.8,1422.8,1422.8,1422.8,0.00K,0.0059
980,2016-07-05,1414.4,1414.4,1414.4,1414.4,0.00K,0.0462
981,2016-07-04,1352.0,1345.0,1360.15,1343.0,-,0.0048
982,2016-07-03,1345.5,1344.5,1347.55,1338.85,-,-0.035
983,2016-07-01,1394.3,1394.3,1394.3,1394.3,0.00K,0.014
984,2016-06-30,1375.0,1375.0,1375.0,1375.0,0.56K,-0.0046
985,2016-06-29,1381.4,1381.4,1381.4,1381.4,0.41K,0.0067
986,2016-06-28,1372.2,1372.2,1372.2,1372.2,0.02K,-0.0048
987,2016-06-27,1378.8,1378.8,1378.8,1378.8,0.09K,0.0015
988,2016-06-24,1376.8,1376.8,1376.8,1376.8,0.69K,0.0449
989,2016-06-23,1317.7,1317.7,1317.7,1317.7,0.22K,-0.0033
990,2016-06-22,1322.1,1322.1,1322.1,1322.1,0.05K,-0.0019
991,2016-06-21,1324.6,1324.6,1324.6,1324.6,0.13K,-0.0146
992,2016-06-20,1344.2,1344.2,1344.2,1344.2,0.05K,0.001
993,2016-06-17,1342.9,1342.9,1342.9,1342.9,0.13K,-0.002
994,2016-06-16,1345.6,1345.6,1345.6,1345.6,0.25K,0.0079
995,2016-06-15,1335.0,1335.0,1335.0,1335.0,0.00K,-0.0001
996,2016-06-14,1335.2,1335.2,1335.2,1335.2,0.55K,-0.0019
997,2016-06-13,1337.7,1337.7,1337.7,1337.7,0.33K,0.0075
998,2016-06-10,1327.7,1327.7,1327.7,1327.7,0.01K,0.0025
999,2016-06-09,1324.4,1324.4,1324.4,1324.4,0.38K,0.0079
1000,2016-06-08,1314.0,1314.0,1314.0,1314.0,0.41K,0.0117
1001,2016-06-07,1298.8,1298.8,1298.8,1298.8,0.28K,-0.0005
1002,2016-06-06,1299.4,1299.4,1299.4,1299.4,1.14K,0.0037
1003,2016-06-03,1294.6,1294.6,1294.6,1294.6,0.00K,0.0235
1004,2016-06-02,1264.9,1264.9,1264.9,1264.9,1.63K,-0.0018
1005,2016-06-01,1267.2,1267.2,1267.2,1267.2,2.72K,-0.0017
1006,2016-05-31,1269.3,1269.3,1269.3,1269.3,6.43K,0.0471
1007,2016-05-30,1212.15,1208.25,1213.15,1201.8,-,-0.0437
1008,2016-05-27,1267.6,1267.6,1267.6,1267.6,63.74K,-0.0047
1009,2016-05-26,1273.6,1273.6,1273.6,1273.6,0.00K,-0.003
1010,2016-05-25,1277.4,1277.4,1277.4,1277.4,0.01K,-0.0041
1011,2016-05-24,1282.7,1282.7,1282.7,1282.7,0.02K,-0.017
1012,2016-05-23,1304.9,1304.9,1304.9,1304.9,0.06K,-0.0008
1013,2016-05-20,1305.9,1305.9,1305.9,1305.9,0.04K,0.0
1014,2016-05-19,1305.9,1305.9,1305.9,1305.9,0.07K,-0.0139
1015,2016-05-18,1324.3,1324.3,1324.3,1324.3,0.02K,-0.0005
1016,2016-05-17,1324.9,1324.9,1324.9,1324.9,0.02K,0.0023
1017,2016-05-16,1321.8,1321.8,1321.8,1321.8,0.04K,0.0017
1018,2016-05-13,1319.5,1319.5,1319.5,1319.5,0.07K,0.0014
1019,2016-05-12,1317.7,1317.7,1317.7,1317.7,0.10K,-0.0037
1020,2016-05-11,1322.6,1322.6,1322.6,1322.6,0.01K,0.0086
1021,2016-05-10,1311.3,1311.3,1311.3,1311.3,0.02K,-0.0012
1022,2016-05-09,1312.9,1312.9,1312.9,1312.9,0.34K,-0.0203
1023,2016-05-06,1340.1,1340.1,1340.1,1340.1,0.31K,0.0169
1024,2016-05-05,1317.8,1317.8,1317.8,1317.8,0.33K,-0.0049
1025,2016-05-04,1324.3,1324.3,1324.3,1324.3,0.11K,-0.0138
1026,2016-05-03,1342.8,1342.8,1342.8,1342.8,0.00K,-0.0033
1027,2016-05-02,1347.3,1347.3,1347.3,1347.3,0.19K,0.0044
1028,2016-04-29,1341.4,1341.4,1341.4,1341.4,0.46K,0.0187
1029,2016-04-28,1316.8,1316.8,1316.8,1316.8,0.30K,0.0131
1030,2016-04-27,1299.8,1299.8,1299.8,1299.8,0.04K,0.0057
1031,2016-04-26,1292.4,1292.4,1292.4,1292.4,0.10K,0.0026
1032,2016-04-25,1289.1,1289.1,1289.1,1289.1,0.44K,0.0081
1033,2016-04-22,1278.8,1278.8,1278.8,1278.8,0.19K,-0.0159
1034,2016-04-21,1299.5,1299.5,1299.5,1299.5,0.12K,-0.0022
1035,2016-04-20,1302.3,1302.3,1302.3,1302.3,0.18K,0.0012
1036,2016-04-19,1300.8,1300.8,1300.8,1300.8,0.39K,0.016
1037,2016-04-18,1280.3,1280.3,1280.3,1280.3,0.00K,0.0005
1038,2016-04-15,1279.7,1279.7,1279.7,1279.7,0.10K,0.006
1039,2016-04-14,1272.1,1272.1,1272.1,1272.1,0.26K,-0.0168
1040,2016-04-13,1293.9,1293.9,1293.9,1293.9,0.20K,-0.0096
1041,2016-04-12,1306.4,1306.4,1306.4,1306.4,0.19K,0.0031
1042,2016-04-11,1302.4,1302.4,1302.4,1302.4,0.44K,0.0117
1043,2016-04-08,1287.3,1287.3,1287.3,1287.3,0.41K,0.0039
1044,2016-04-07,1282.3,1282.3,1282.3,1282.3,0.38K,0.0106
1045,2016-04-06,1268.8,1268.8,1268.8,1268.8,0.25K,-0.0045
1046,2016-04-05,1274.5,1274.5,1274.5,1274.5,0.48K,0.0077
1047,2016-04-04,1264.7,1264.7,1264.7,1264.7,2.04K,-0.0033
1048,2016-04-01,1268.9,1268.9,1268.9,1268.9,1.60K,-0.0094
1049,2016-03-31,1280.9,1280.9,1280.9,1280.9,3.38K,0.0031
1050,2016-03-30,1276.9,1276.9,1276.9,1276.9,48.25K,-0.0073
1051,2016-03-29,1286.3,1286.3,1286.3,1286.3,0.04K,0.0123
1052,2016-03-28,1270.7,1270.7,1270.7,1270.7,0.03K,0.0444
1053,2016-03-25,1216.7,1216.7,1216.7,1216.7,-,-0.0438
1054,2016-03-24,1272.4,1272.4,1272.4,1272.4,0.01K,-0.0013
1055,2016-03-23,1274.0,1299.0,1299.0,1269.7,0.01K,-0.0191
1056,2016-03-22,1298.8,1298.8,1298.8,1298.8,0.02K,0.0047
1057,2016-03-21,1292.7,1292.7,1292.7,1292.7,1.06K,-0.0071
1058,2016-03-18,1302.0,1302.0,1302.0,1302.0,0.00K,-0.0092
1059,2016-03-17,1314.1,1314.1,1314.1,1314.1,0.03K,0.0259
1060,2016-03-16,1280.9,1280.9,1280.9,1280.9,0.05K,0.0005
1061,2016-03-15,1280.2,1280.2,1280.2,1280.2,0.04K,-0.011
1062,2016-03-14,1294.4,1285.0,1286.4,1285.0,0.00K,-0.0109
1063,2016-03-11,1308.6,1308.6,1308.6,1308.6,0.09K,-0.0087
1064,2016-03-10,1320.1,1299.0,1299.0,1299.0,0.00K,0.0128
1065,2016-03-09,1303.4,1304.0,1304.0,1304.0,0.00K,-0.0043
1066,2016-03-08,1309.0,1309.0,1309.0,1309.0,0.00K,-0.001
1067,2016-03-07,1310.3,1310.3,1310.3,1310.3,0.07K,-0.004
1068,2016-03-04,1315.6,1315.6,1315.6,1315.6,0.00K,0.0115
1069,2016-03-03,1300.7,1300.7,1300.7,1300.7,0.12K,0.0138
1070,2016-03-02,1283.0,1283.0,1283.0,1283.0,0.27K,0.0093
1071,2016-03-01,1271.2,1271.2,1271.2,1271.2,0.48K,-0.0016
1072,2016-02-29,1273.3,1273.3,1273.3,1273.3,0.58K,0.0115
1073,2016-02-26,1258.8,1258.8,1258.8,1258.8,0.66K,-0.0143
1074,2016-02-25,1277.0,1277.0,1277.0,1277.0,0.00K,-0.0001
1075,2016-02-24,1277.1,1277.1,1277.1,1277.1,0.11K,0.0124
1076,2016-02-23,1261.4,1261.4,1261.4,1261.4,0.35K,0.0118
1077,2016-02-22,1246.7,1246.0,1246.0,1246.0,0.00K,-0.0163
1078,2016-02-19,1267.4,1267.4,1267.4,1267.4,0.08K,0.0039
1079,2016-02-18,1262.5,1262.5,1262.5,1262.5,0.32K,0.0123
1080,2016-02-17,1247.2,1247.2,1247.2,1247.2,0.05K,0.0049
1081,2016-02-16,1241.1,1230.0,1230.0,1230.0,0.00K,0.0273
1082,2016-02-15,1208.1,1234.0,1235.1,1202.8,-,-0.0207
1083,2016-02-14,1233.6,1235.7,1235.9,1231.4,-,-0.0296
1084,2016-02-12,1271.2,1271.2,1271.2,1271.2,0.01K,-0.0085
1085,2016-02-11,1282.1,1269.0,1269.0,1269.0,0.00K,0.0402
1086,2016-02-10,1232.6,1232.6,1232.6,1232.6,0.67K,-0.0035
1087,2016-02-09,1236.9,1236.9,1236.9,1236.9,0.70K,-0.001
1088,2016-02-08,1238.2,1243.8,1243.8,1243.8,0.00K,0.0336
1089,2016-02-05,1198.0,1220.4,1220.4,1220.4,0.00K,0.0003
1090,2016-02-04,1197.7,1197.7,1197.7,1197.7,0.77K,0.0122
1091,2016-02-03,1183.3,1183.3,1183.3,1183.3,1.63K,0.0113
1092,2016-02-02,1170.1,1170.1,1170.1,1170.1,1.23K,-0.0029
1093,2016-02-01,1173.5,1173.5,1173.5,1173.5,1.68K,0.01
1094,2016-01-29,1161.9,1161.9,1161.9,1161.9,0.00K,-0.0015
1095,2016-01-28,1163.7,1163.7,1163.7,1163.7,52.86K,-0.0002
1096,2016-01-27,1163.9,1163.9,1163.9,1163.9,0.01K,-0.0029
1097,2016-01-26,1167.3,1167.3,1167.3,1167.3,0.18K,0.0129
1098,2016-01-25,1152.4,1152.4,1152.4,1152.4,0.01K,0.0086
1099,2016-01-22,1142.6,1142.6,1142.6,1142.6,0.00K,-0.0009
1100,2016-01-21,1143.6,1143.6,1143.6,1143.6,0.02K,-0.006999999999999999
1101,2016-01-20,1151.7,1151.7,1151.7,1151.7,0.03K,0.014
1102,2016-01-19,1135.8,1135.8,1135.8,1135.8,0.02K,0.0435
1103,2016-01-18,1088.5,1090.2,1093.3,1087.4,-,-0.0017
1104,2016-01-17,1090.3,1088.6,1090.8,1088.6,-,-0.0415
1105,2016-01-15,1137.5,1137.5,1137.5,1137.5,0.04K,0.0129
1106,2016-01-14,1123.0,1123.0,1123.0,1123.0,0.06K,-0.0127
1107,2016-01-13,1137.4,1137.4,1137.4,1137.4,0.05K,0.0003
1108,2016-01-12,1137.1,1137.1,1137.1,1137.1,0.09K,-0.0099
1109,2016-01-11,1148.5,1148.5,1148.5,1148.5,0.04K,-0.0028
1110,2016-01-08,1151.7,1151.7,1151.7,1151.7,0.10K,-0.0095
1111,2016-01-07,1162.7,1162.7,1162.7,1162.7,0.12K,0.0094
1112,2016-01-06,1151.9,1151.9,1151.9,1151.9,0.05K,0.0119
1113,2016-01-05,1138.4,1138.4,1138.4,1138.4,0.08K,0.0026
1114,2016-01-04,1135.5,1135.5,1135.5,1135.5,0.14K,0.0129
1115,2015-12-31,1121.0,1121.0,1121.0,1121.0,0.01K,0.0002
1116,2015-12-30,1120.8,1120.8,1120.8,1120.8,0.00K,-0.0069
1117,2015-12-29,1128.6,1128.6,1128.6,1128.6,0.00K,0.0004
1118,2015-12-28,1128.1,1128.1,1128.1,1128.1,0.36K,-0.0069
1119,2015-12-24,1135.9,1135.9,1135.9,1135.9,0.02K,0.0068
1120,2015-12-23,1128.2,1128.2,1128.2,1128.2,0.20K,-0.0051
1121,2015-12-22,1134.0,1134.0,1134.0,1134.0,0.11K,-0.0057
1122,2015-12-21,1140.5,1140.5,1140.5,1140.5,0.00K,0.0153
1123,2015-12-18,1123.3,1123.3,1123.3,1123.3,0.25K,0.0137
1124,2015-12-17,1108.1,1108.1,1108.1,1108.1,0.06K,-0.024
1125,2015-12-16,1135.3,1135.3,1135.3,1135.3,0.08K,0.0138
1126,2015-12-15,1119.8,1119.8,1119.8,1119.8,0.22K,-0.0014
1127,2015-12-14,1121.4,1121.4,1121.4,1121.4,0.51K,-0.0109
1128,2015-12-11,1133.8,1133.8,1133.8,1133.8,0.41K,0.0031
1129,2015-12-10,1130.3,1130.3,1130.3,1130.3,0.23K,-0.0041
1130,2015-12-09,1134.9,1134.9,1134.9,1134.9,0.39K,0.0008
1131,2015-12-08,1134.0,1134.0,1134.0,1134.0,0.31K,-0.0003
1132,2015-12-07,1134.3,1134.3,1134.3,1134.3,0.66K,-0.0078
1133,2015-12-04,1143.2,1143.2,1143.2,1143.2,0.89K,0.0202
1134,2015-12-03,1120.6,1120.6,1120.6,1120.6,1.16K,0.0074
1135,2015-12-02,1112.4,1112.4,1112.4,1112.4,0.50K,-0.0086
1136,2015-12-01,1122.0,1122.0,1122.0,1122.0,3.44K,-0.0017
1137,2015-11-30,1123.9,1123.9,1123.9,1123.9,4.60K,0.0084
1138,2015-11-27,1114.5,1114.5,1114.5,1114.5,52.13K,0.0408
1139,2015-11-26,1070.8,1070.1,1074.2,1069.2,-,-0.051
1140,2015-11-25,1128.4,1128.4,1128.4,1128.4,0.06K,-0.0028
1141,2015-11-24,1131.6,1131.6,1131.6,1131.6,0.22K,0.0061
1142,2015-11-23,1124.7,1124.7,1124.7,1124.7,0.06K,-0.008
1143,2015-11-20,1133.8,1133.8,1133.8,1133.8,0.01K,-0.0016
1144,2015-11-19,1135.6,1135.2,1135.2,1135.2,0.00K,0.0077
1145,2015-11-18,1126.9,1126.9,1126.9,1126.9,0.01K,0.0
1146,2015-11-17,1126.9,1131.0,1138.4,1131.0,0.01K,-0.0137
1147,2015-11-16,1142.5,1142.5,1142.5,1142.5,0.00K,0.0011
1148,2015-11-13,1141.3,1141.3,1141.3,1141.3,0.02K,0.0
1149,2015-11-12,1141.3,1141.3,1141.3,1141.3,0.00K,-0.0036
1150,2015-11-11,1145.4,1145.4,1145.4,1145.4,0.00K,-0.0035
1151,2015-11-10,1149.4,1149.4,1149.4,1149.4,0.02K,0.0002
1152,2015-11-09,1149.2,1149.2,1149.2,1149.2,0.00K,0.0011
1153,2015-11-06,1147.9,1147.9,1147.9,1147.9,0.08K,-0.0105
1154,2015-11-05,1160.1,1160.1,1160.1,1160.1,0.08K,-0.0009
1155,2015-11-04,1161.2,1161.2,1161.2,1161.2,0.14K,-0.0063
1156,2015-11-03,1168.6,1168.6,1168.6,1168.6,0.19K,-0.0183
1157,2015-11-02,1190.4,1190.4,1190.4,1190.4,0.18K,-0.004
1158,2015-10-30,1195.2,1195.2,1195.2,1195.2,0.25K,-0.0055
1159,2015-10-29,1201.8,1201.8,1201.8,1201.8,0.33K,-0.0224
1160,2015-10-28,1229.3,1229.3,1229.3,1229.3,0.00K,0.0091
1161,2015-10-27,1218.2,1218.2,1218.2,1218.2,0.30K,-0.0017
1162,2015-10-26,1220.3,1220.3,1220.3,1220.3,0.18K,0.0013
1163,2015-10-23,1218.7,1218.7,1218.7,1218.7,0.15K,-0.0077
1164,2015-10-22,1228.2,1228.2,1228.2,1228.2,0.05K,-0.0012
1165,2015-10-21,1229.7,1229.7,1229.7,1229.7,0.04K,-0.009000000000000001
1166,2015-10-20,1240.9,1240.9,1240.9,1240.9,0.02K,0.0037
1167,2015-10-19,1236.3,1236.3,1236.3,1236.3,0.06K,-0.0083
1168,2015-10-16,1246.6,1246.6,1246.6,1246.6,0.24K,-0.0038
1169,2015-10-15,1251.4,1251.4,1251.4,1251.4,0.14K,0.0063
1170,2015-10-14,1243.6,1243.6,1243.6,1243.6,0.14K,0.0097
1171,2015-10-13,1231.7,1231.7,1231.7,1231.7,0.13K,0.0005
1172,2015-10-12,1231.1,1231.1,1231.1,1231.1,0.04K,0.0071
1173,2015-10-09,1222.4,1222.4,1222.4,1222.4,0.02K,0.0103
1174,2015-10-08,1209.9,1209.9,1209.9,1209.9,0.14K,-0.0034
1175,2015-10-07,1214.0,1214.0,1214.0,1214.0,0.10K,0.0022
1176,2015-10-06,1211.3,1211.3,1211.3,1211.3,0.15K,0.0065
1177,2015-10-05,1203.5,1203.5,1203.5,1203.5,0.23K,-0.0006
1178,2015-10-02,1204.2,1204.2,1204.2,1204.2,0.32K,0.0187
1179,2015-10-01,1182.1,1182.1,1182.1,1182.1,1.18K,-0.0013
1180,2015-09-30,1183.6,1183.6,1183.6,1183.6,0.87K,-0.0129
1181,2015-09-29,1199.1,1199.1,1199.1,1199.1,2.42K,-0.0044
1182,2015-09-28,1204.4,1204.4,1204.4,1204.4,0.01K,-0.0118
1183,2015-09-25,1218.8,1218.8,1218.8,1218.8,0.06K,-0.0066
1184,2015-09-24,1226.9,1226.9,1226.9,1226.9,0.04K,0.0171
1185,2015-09-23,1206.3,1206.3,1206.3,1206.3,0.03K,0.0056
1186,2015-09-22,1199.6,1199.6,1199.6,1199.6,0.04K,-0.0081
1187,2015-09-21,1209.4,1209.4,1209.4,1209.4,0.00K,-0.0039
1188,2015-09-18,1214.1,1214.1,1214.1,1214.1,0.06K,0.0161
1189,2015-09-17,1194.9,1194.9,1194.9,1194.9,0.01K,-0.0012
1190,2015-09-16,1196.3,1188.4,1188.4,1188.4,0.00K,0.0134
1191,2015-09-15,1180.5,1180.5,1180.5,1180.5,0.01K,-0.0044
1192,2015-09-14,1185.7,1185.7,1185.7,1185.7,0.02K,0.0032
1193,2015-09-11,1181.9,1181.9,1181.9,1181.9,0.08K,-0.0051
1194,2015-09-10,1187.9,1187.9,1187.9,1187.9,0.06K,0.0061
1195,2015-09-09,1180.7,1180.7,1180.7,1180.7,0.25K,-0.016
1196,2015-09-08,1199.9,1199.9,1199.9,1199.9,0.14K,0.0714
1197,2015-09-07,1119.9,1119.5,1124.0,1115.2,-,0.0
1198,2015-09-06,1119.9,1122.3,1123.1,1119.6,-,-0.0671
1199,2015-09-04,1200.5,1200.5,1200.5,1200.5,0.05K,-0.0025
1200,2015-09-03,1203.5,1203.5,1203.5,1203.5,0.12K,-0.009000000000000001
1201,2015-09-02,1214.4,1214.4,1214.4,1214.4,0.20K,-0.0056
1202,2015-09-01,1221.3,1221.3,1221.3,1221.3,0.38K,0.0036
1203,2015-08-31,1216.9,1216.9,1216.9,1216.9,0.19K,-0.0012
1204,2015-08-28,1218.4,1218.4,1218.4,1218.4,0.28K,0.0093
1205,2015-08-27,1207.2,1207.2,1207.2,1207.2,0.13K,-0.0015
1206,2015-08-26,1209.0,1209.0,1209.0,1209.0,0.12K,-0.012
1207,2015-08-25,1223.7,1223.7,1223.7,1223.7,0.22K,-0.0123
1208,2015-08-24,1238.9,1238.9,1238.9,1238.9,0.30K,-0.0063
1209,2015-08-21,1246.8,1246.8,1246.8,1246.8,0.26K,0.0037
1210,2015-08-20,1242.2,1242.2,1242.2,1242.2,0.41K,0.0206
1211,2015-08-19,1217.1,1217.1,1217.1,1217.1,0.35K,0.009000000000000001
1212,2015-08-18,1206.3,1206.3,1206.3,1206.3,0.48K,-0.0013
1213,2015-08-17,1207.9,1207.9,1207.9,1207.9,0.01K,0.0047
1214,2015-08-14,1202.3,1202.3,1202.3,1202.3,0.91K,-0.0023
1215,2015-08-13,1205.1,1205.1,1205.1,1205.1,0.44K,-0.0065
1216,2015-08-12,1213.0,1213.0,1213.0,1213.0,0.80K,0.0128
1217,2015-08-11,1197.7,1197.7,1197.7,1197.7,0.00K,0.0016
1218,2015-08-10,1195.8,1195.8,1195.8,1195.8,0.90K,0.0084
1219,2015-08-07,1185.8,1185.8,1185.8,1185.8,0.61K,0.0036
1220,2015-08-06,1181.6,1181.6,1181.6,1181.6,0.27K,0.0038
1221,2015-08-05,1177.1,1177.1,1177.1,1177.1,1.21K,-0.0014
1222,2015-08-04,1178.7,1178.7,1178.7,1178.7,1.14K,0.0016
1223,2015-08-03,1176.8,1176.8,1176.8,1176.8,2.42K,-0.0053
1224,2015-07-31,1183.1,1183.1,1183.1,1183.1,5.70K,-0.0003
1225,2015-07-30,1183.4,1183.4,1183.4,1183.4,49.30K,-0.0035
1226,2015-07-29,1187.5,1187.5,1187.5,1187.5,0.01K,-0.0026
1227,2015-07-28,1190.6,1190.6,1190.6,1190.6,0.03K,0.0
1228,2015-07-27,1190.6,1190.6,1190.6,1190.6,0.02K,0.009000000000000001
1229,2015-07-24,1180.0,1180.0,1180.0,1180.0,0.05K,-0.0085
1230,2015-07-23,1190.1,1190.1,1190.1,1190.1,0.06K,0.0021
1231,2015-07-22,1187.6,1187.6,1187.6,1187.6,0.05K,-0.0099
1232,2015-07-21,1199.5,1199.5,1199.5,1199.5,0.12K,-0.005
1233,2015-07-20,1205.5,1205.5,1205.5,1205.5,0.19K,-0.0205
1234,2015-07-17,1230.7,1230.7,1230.7,1230.7,0.12K,-0.0101
1235,2015-07-16,1243.2,1243.2,1243.2,1243.2,0.01K,-0.0025
1236,2015-07-15,1246.3,1246.3,1246.3,1246.3,0.02K,-0.0049
1237,2015-07-14,1252.4,1252.4,1252.4,1252.4,0.04K,-0.0021
1238,2015-07-13,1255.0,1255.0,1255.0,1255.0,0.01K,-0.0013
1239,2015-07-10,1256.6,1256.6,1256.6,1256.6,0.00K,0.0012
1240,2015-07-09,1255.1,1255.1,1255.1,1255.1,0.07K,-0.0028
1241,2015-07-08,1258.6,1258.6,1258.6,1258.6,0.07K,0.0073
1242,2015-07-07,1249.5,1249.5,1249.5,1249.5,0.47K,-0.0166
1243,2015-07-06,1270.6,1270.6,1270.6,1270.6,0.63K,0.08800000000000001
1244,2015-07-03,1167.8,1164.7,1169.0,1164.6,-,-0.0743
1245,2015-07-02,1261.5,1261.5,1261.5,1261.5,0.32K,-0.0055
1246,2015-07-01,1268.5,1268.5,1268.5,1268.0,0.00K,-0.0018
1247,2015-06-30,1270.8,1270.8,1270.8,1270.8,0.22K,-0.0056
1248,2015-06-29,1278.0,1278.0,1278.0,1278.0,0.17K,0.0038
1249,2015-06-26,1273.1,1273.1,1273.1,1270.0,0.03K,0.0022
1250,2015-06-25,1270.3,1270.3,1270.3,1270.3,0.10K,-0.0006
1251,2015-06-24,1271.0,1271.0,1271.0,1271.0,0.26K,-0.003
1252,2015-06-23,1274.8,1274.8,1274.8,1274.8,0.06K,-0.0057
1253,2015-06-22,1282.1,1282.1,1282.1,1282.1,0.03K,-0.0133
1254,2015-06-19,1299.4,1299.4,1299.4,1296.0,0.14K,-0.0011
1255,2015-06-18,1300.8,1300.8,1300.8,1300.8,0.13K,0.0187
1256,2015-06-17,1276.9,1276.9,1276.9,1276.9,0.17K,-0.002
1257,2015-06-16,1279.4,1279.4,1279.4,1279.4,0.03K,-0.005
1258,2015-06-15,1285.8,1285.8,1285.8,1285.8,0.10K,0.0037
1259,2015-06-12,1281.0,1281.0,1281.0,1281.0,0.14K,-0.0012
1260,2015-06-11,1282.6,1282.6,1282.6,1282.6,0.07K,-0.0047
1261,2015-06-10,1288.6,1288.6,1288.6,1288.6,0.30K,0.0092
1262,2015-06-09,1276.8,1276.8,1276.8,1276.8,0.14K,0.0038
1263,2015-06-08,1272.0,1272.0,1272.0,1272.0,0.17K,0.0043
1264,2015-06-05,1266.6,1264.0,1266.8,1263.0,0.01K,-0.0028
1265,2015-06-04,1270.1,1270.1,1270.1,1268.5,0.45K,-0.0077
1266,2015-06-03,1279.9,1279.9,1279.9,1279.9,0.00K,-0.0061
1267,2015-06-02,1287.8,1287.8,1287.8,1287.8,1.00K,0.0058
1268,2015-06-01,1280.4,1280.4,1280.4,1280.4,1.24K,-0.0002
1269,2015-05-29,1280.7,1280.7,1280.7,1276.5,4.75K,0.0002
1270,2015-05-28,1280.5,1280.5,1280.5,1278.0,52.71K,0.0015
1271,2015-05-27,1278.6,1278.6,1278.6,1279.0,0.03K,-0.0028
1272,2015-05-26,1282.2,1288.9,1288.9,1280.0,0.00K,0.062
1273,2015-05-25,1207.4,1204.6,1209.0,1203.3,-,0.0025
1274,2015-05-24,1204.4,1205.8,1205.8,1203.9,-,-0.0733
1275,2015-05-22,1299.7,1299.7,1299.7,1292.0,0.00K,0.0012
1276,2015-05-21,1298.1,1298.1,1298.1,1296.5,0.04K,-0.0041
1277,2015-05-20,1303.5,1303.5,1303.5,1303.5,0.01K,0.0016
1278,2015-05-19,1301.4,1317.5,1318.2,1317.5,0.00K,-0.015
1279,2015-05-18,1321.2,1321.2,1321.2,1321.2,0.01K,0.0017
1280,2015-05-15,1318.9,1318.9,1318.9,1318.9,0.01K,-0.0001
1281,2015-05-14,1319.0,1319.0,1319.0,1319.0,0.04K,0.0052
1282,2015-05-13,1312.2,1312.2,1312.2,1312.2,0.03K,0.0196
1283,2015-05-12,1287.0,1287.0,1287.0,1287.0,0.01K,0.0076
1284,2015-05-11,1277.3,1277.3,1277.3,1277.3,0.03K,-0.0041
1285,2015-05-08,1282.5,1282.5,1282.5,1282.5,0.05K,0.0031
1286,2015-05-07,1278.5,1278.5,1278.5,1278.5,0.04K,-0.0064
1287,2015-05-06,1286.7,1286.7,1286.7,1286.7,0.01K,-0.0012
1288,2015-05-05,1288.2,1288.2,1288.2,1288.2,0.05K,0.0072
1289,2015-05-04,1279.0,1279.0,1279.0,1279.0,0.04K,0.0102
1290,2015-05-01,1266.1,1266.1,1266.1,1266.1,0.02K,-0.0054
1291,2015-04-30,1273.0,1273.0,1273.0,1273.0,0.14K,-0.0208
1292,2015-04-29,1300.0,1300.0,1300.0,1300.0,0.11K,-0.0011
1293,2015-04-28,1301.4,1301.4,1301.4,1301.4,0.01K,0.0095
1294,2015-04-27,1289.2,1289.2,1289.2,1289.2,0.19K,0.0228
1295,2015-04-24,1260.4,1260.4,1260.4,1260.4,0.05K,-0.0168
1296,2015-04-23,1282.0,1282.0,1282.0,1282.0,0.33K,0.0057
1297,2015-04-22,1274.7,1274.7,1274.7,1274.7,0.09K,-0.0112
1298,2015-04-21,1289.1,1289.1,1289.1,1289.1,0.03K,0.0077
1299,2015-04-20,1279.3,1279.3,1279.3,1279.3,0.07K,-0.0068
1300,2015-04-17,1288.1,1288.1,1288.1,1288.1,0.02K,0.004
1301,2015-04-16,1283.0,1283.0,1283.0,1283.0,0.20K,-0.0027
1302,2015-04-15,1286.5,1286.5,1286.5,1286.5,0.20K,0.0066
1303,2015-04-14,1278.1,1278.1,1278.1,1278.1,0.55K,-0.0075
1304,2015-04-13,1287.8,1287.8,1287.8,1287.8,0.42K,-0.0043
1305,2015-04-10,1293.3,1293.3,1293.3,1293.3,0.20K,0.0091
1306,2015-04-09,1281.6,1281.6,1281.6,1281.6,0.52K,-0.0074
1307,2015-04-08,1291.1,1291.1,1291.1,1291.1,0.24K,-0.0056
1308,2015-04-07,1298.4,1298.4,1298.4,1298.4,0.41K,-0.0054
1309,2015-04-06,1305.4,1305.4,1305.4,1305.4,0.34K,0.0134
1310,2015-04-03,1288.2,1288.2,1288.2,1288.2,-,0.0
1311,2015-04-02,1288.2,1288.2,1288.2,1288.2,1.68K,-0.0046
1312,2015-04-01,1294.2,1294.2,1294.2,1294.2,1.63K,0.0173
1313,2015-03-31,1272.2,1272.2,1272.2,1272.2,3.41K,-0.0033
1314,2015-03-30,1276.4,1276.4,1276.4,1276.4,37.99K,-0.012
1315,2015-03-27,1291.9,1291.9,1291.9,1291.9,0.00K,-0.0039
1316,2015-03-26,1297.0,1297.0,1297.0,1297.0,0.07K,0.0075
1317,2015-03-25,1287.3,1287.3,1287.3,1287.3,0.01K,0.0048
1318,2015-03-24,1281.2,1281.2,1281.2,1281.2,0.41K,0.0029
1319,2015-03-23,1277.5,1277.5,1277.5,1277.5,0.01K,0.0022
1320,2015-03-20,1274.7,1274.7,1274.7,1274.7,0.05K,0.0121
1321,2015-03-19,1259.5,1259.5,1259.5,1259.5,0.04K,0.0096
1322,2015-03-18,1247.5,1247.5,1247.5,1247.5,0.11K,0.0024
1323,2015-03-17,1244.5,1244.5,1244.5,1244.5,0.07K,-0.0038
1324,2015-03-16,1249.3,1249.3,1249.3,1249.3,0.06K,0.0003
1325,2015-03-13,1248.9,1248.9,1248.9,1248.9,0.04K,-0.0001
1326,2015-03-12,1249.0,1249.0,1249.0,1249.0,0.06K,0.0005
1327,2015-03-11,1248.4,1248.4,1248.4,1248.4,0.07K,-0.0077
1328,2015-03-10,1258.1,1258.1,1258.1,1258.1,0.09K,-0.0078
1329,2015-03-09,1268.0,1268.0,1268.0,1268.0,0.05K,0.0019
1330,2015-03-06,1265.6,1265.6,1265.6,1265.6,0.17K,-0.0235
1331,2015-03-05,1296.1,1296.1,1296.1,1296.1,0.03K,-0.0035
1332,2015-03-04,1300.6,1300.6,1300.6,1300.6,0.03K,-0.0028
1333,2015-03-03,1304.2,1304.2,1304.2,1304.2,0.05K,-0.0012
1334,2015-03-02,1305.8,1305.8,1305.8,1305.8,0.12K,-0.0027
1335,2015-02-27,1309.4,1309.4,1309.4,1309.4,0.20K,0.0025
1336,2015-02-26,1306.1,1306.1,1306.1,1306.1,0.56K,0.0078
1337,2015-02-25,1296.0,1296.0,1296.0,1296.0,0.02K,0.0022
1338,2015-02-24,1293.1,1293.1,1293.1,1293.1,0.15K,-0.0043
1339,2015-02-23,1298.7,1298.7,1298.7,1298.7,0.27K,-0.0035
1340,2015-02-20,1303.2,1303.2,1303.2,1303.2,0.05K,-0.0028
1341,2015-02-19,1306.9,1306.9,1306.9,1306.9,0.07K,0.0041
1342,2015-02-18,1301.5,1301.5,1301.5,1301.5,0.15K,-0.0064
1343,2015-02-17,1309.9,1323.3,1323.3,1323.3,0.00K,0.0635
1344,2015-02-16,1231.7,1228.7,1236.4,1228.5,-,0.0024
1345,2015-02-15,1228.8,1228.2,1229.3,1227.8,-,-0.0727
1346,2015-02-13,1325.2,1325.2,1325.2,1325.2,0.07K,0.0049
1347,2015-02-12,1318.7,1318.7,1318.7,1318.7,0.10K,-0.0004
1348,2015-02-11,1319.2,1319.2,1319.2,1319.2,0.10K,-0.009000000000000001
1349,2015-02-10,1331.2,1331.2,1331.2,1331.2,0.23K,-0.0065
1350,2015-02-09,1339.9,1339.9,1339.9,1339.9,0.32K,0.0055
1351,2015-02-06,1332.6,1332.6,1332.6,1332.6,0.43K,-0.0165
1352,2015-02-05,1354.9,1354.9,1354.9,1354.9,0.13K,-0.0135
1353,2015-02-04,1373.4,1367.0,1367.0,1367.0,0.00K,0.0045
1354,2015-02-03,1367.3,1367.3,1367.3,1367.3,2.38K,-0.0109
1355,2015-02-02,1382.4,1382.4,1382.4,1382.4,1.65K,-0.0016
1356,2015-01-30,1384.6,1384.6,1384.6,1384.6,8.63K,0.0153
1357,2015-01-29,1363.8,1380.2,1380.2,1380.2,0.00K,-0.0274
1358,2015-01-28,1402.2,1402.2,1402.2,1402.2,0.03K,-0.0088
1359,2015-01-27,1414.7,1414.7,1414.7,1414.7,0.02K,0.0065
1360,2015-01-26,1405.6,1405.6,1405.6,1405.6,0.03K,-0.0085
1361,2015-01-23,1417.6,1417.6,1417.6,1417.6,0.02K,-0.0053
1362,2015-01-22,1425.2,1425.2,1425.2,1425.2,0.13K,0.0083
1363,2015-01-21,1413.4,1391.1,1391.1,1390.9,0.00K,0.0007
1364,2015-01-20,1412.4,1380.0,1380.0,1380.0,0.00K,0.107
1365,2015-01-19,1275.9,1279.4,1279.5,1272.5,-,-0.0024
1366,2015-01-18,1279.0,1281.0,1281.9,1275.7,-,-0.0896
1367,2015-01-16,1404.9,1404.9,1404.9,1404.9,0.04K,0.0087
1368,2015-01-15,1392.8,1380.0,1380.0,1380.0,0.00K,0.0207
1369,2015-01-14,1364.5,1364.5,1364.5,1366.7,0.02K,-0.0073
1370,2015-01-13,1374.5,1377.4,1377.4,1377.4,0.00K,0.0009
1371,2015-01-12,1373.2,1357.4,1357.4,1357.4,0.00K,0.0116
1372,2015-01-09,1357.4,1357.4,1357.4,1357.4,0.04K,0.0043
1373,2015-01-08,1351.6,1351.6,1351.6,1350.0,0.09K,-0.0015
1374,2015-01-07,1353.6,1353.6,1353.6,1350.3,0.03K,-0.0063
1375,2015-01-06,1362.2,1362.2,1362.2,1362.2,0.10K,0.0064
1376,2015-01-05,1353.5,1340.0,1340.0,1340.0,0.00K,0.0118
1377,2015-01-02,1337.7,1337.7,1337.7,1337.7,0.14K,0.1271
1378,2015-01-01,1186.8,1184.1,1187.5,1184.1,-,-0.1113
1379,2014-12-31,1335.4,1335.4,1335.4,1346.7,0.09K,0.0179
1380,2014-12-30,1311.9,1181.4,1210.3,1181.4,0.19K,0.0147
1381,2014-12-29,1292.9,1186.5,1186.5,1181.3,0.06K,-0.0113
1382,2014-12-26,1307.7,1177.2,1194.4,1177.2,0.12K,0.111
1383,2014-12-25,1177.0,1175.0,1178.9,1175.0,-,-0.0845
1384,2014-12-24,1285.6,1177.0,1179.3,1173.7,0.02K,-0.0032
1385,2014-12-23,1289.7,1179.3,1180.3,1175.0,0.23K,0.0
1386,2014-12-22,1289.7,1198.0,1198.0,1172.7,0.22K,-0.0122
1387,2014-12-19,1305.6,1198.0,1200.8,1196.5,0.10K,0.0013
1388,2014-12-18,1303.9,1189.7,1207.3,1189.7,0.20K,0.0012
1389,2014-12-17,1302.3,1198.2,1199.6,1184.0,0.09K,0.0002
1390,2014-12-16,1302.0,1197.2,1222.0,1192.7,0.22K,-0.0119
1391,2014-12-15,1317.7,1223.1,1223.1,1198.0,0.08K,-0.0118
1392,2014-12-12,1333.5,1227.8,1227.8,1216.2,0.20K,-0.0066
1393,2014-12-11,1342.3,1226.6,1232.0,1216.2,0.26K,-0.0024
1394,2014-12-10,1345.5,1231.2,1234.6,1226.6,0.31K,-0.0035
1395,2014-12-09,1350.2,1202.0,1238.0,1202.0,0.31K,0.0272
1396,2014-12-08,1314.4,1190.6,1207.0,1187.2,0.18K,0.0027
1397,2014-12-05,1310.8,1203.1,1206.0,1186.7,0.56K,-0.0101
1398,2014-12-04,1324.2,1208.2,1213.0,1201.6,0.36K,-0.0012
1399,2014-12-03,1325.8,1198.1,1213.7,1196.1,0.44K,0.0084
1400,2014-12-02,1314.7,1212.3,1212.3,1191.3,1.24K,-0.0134
1401,2014-12-01,1332.5,1160.0,1220.4,1141.7,5.52K,0.032
1402,2014-11-28,1291.2,1197.0,1198.3,1163.8,11.18K,0.0861
1403,2014-11-27,1188.8,1197.3,1199.3,1185.4,-,-0.0956
1404,2014-11-26,1314.5,1200.5,1201.0,1193.7,75.30K,-0.0005
1405,2014-11-25,1315.2,1197.1,1197.1,1197.1,0.00K,0.0008
1406,2014-11-24,1314.2,1197.7,1197.9,1196.5,0.02K,-0.0013
1407,2014-11-21,1315.9,1191.0,1202.4,1189.0,0.02K,0.0053
1408,2014-11-20,1308.9,1191.8,1191.9,1190.7,0.00K,-0.0034
1409,2014-11-19,1313.4,1196.5,1198.3,1190.0,0.02K,-0.0016
1410,2014-11-18,1315.5,1197.1,1197.1,1193.9,0.00K,0.0091
1411,2014-11-17,1303.7,1183.1,1186.9,1180.6,0.02K,-0.0015
1412,2014-11-14,1305.6,1155.2,1191.0,1148.0,0.49K,0.0189
1413,2014-11-13,1281.4,1163.7,1164.5,1155.0,1.05K,0.0008
1414,2014-11-12,1280.4,1162.5,1168.1,1157.5,0.02K,-0.0037
1415,2014-11-11,1285.1,1155.0,1170.5,1151.6,0.02K,0.003
1416,2014-11-10,1281.3,1171.0,1171.0,1150.7,0.04K,-0.0075
1417,2014-11-07,1291.0,1139.9,1169.7,1132.9,0.10K,0.021
1418,2014-11-06,1264.4,1141.1,1147.5,1137.9,0.14K,-0.0029
1419,2014-11-05,1268.1,1168.1,1168.7,1137.8,0.16K,-0.0172
1420,2014-11-04,1290.3,1166.9,1171.0,1165.0,0.04K,-0.0032
1421,2014-11-03,1294.4,1166.4,1172.3,1163.1,0.06K,-0.0012
1422,2014-10-31,1295.9,1199.6,1199.7,1161.4,0.26K,-0.0204
1423,2014-10-30,1322.9,1213.7,1214.7,1195.8,0.52K,-0.0195
1424,2014-10-29,1349.2,1224.3,1224.3,1224.3,-,-0.0025
1425,2014-10-28,1352.6,1224.9,1231.0,1224.7,0.05K,0.0001
1426,2014-10-27,1352.4,1230.2,1230.2,1227.3,0.28K,-0.0019
1427,2014-10-24,1355.0,1229.4,1232.7,1229.4,0.07K,0.0021
1428,2014-10-23,1352.1,1228.0,1228.0,1227.9,0.00K,-0.0106
1429,2014-10-22,1366.6,1244.8,1244.8,1244.3,0.00K,-0.0038
1430,2014-10-21,1371.8,1251.0,1251.0,1251.0,0.05K,0.0055
1431,2014-10-20,1364.3,1237.3,1244.0,1235.4,0.11K,0.0043
1432,2014-10-17,1358.5,1237.4,1237.5,1232.6,0.36K,0.0007
1433,2014-10-16,1357.5,1242.1,1243.0,1236.7,0.01K,-0.0028
1434,2014-10-15,1361.3,1243.7,1247.0,1230.9,0.25K,0.0015
1435,2014-10-14,1359.3,1235.9,1235.9,1235.8,0.07K,0.1058
1436,2014-10-13,1229.3,1229.8,1234.0,1227.0,0.10K,-0.0919
1437,2014-10-10,1353.7,1223.5,1223.5,1217.0,0.19K,-0.0038
1438,2014-10-09,1358.8,1223.9,1229.0,1223.9,0.02K,0.0109
1439,2014-10-08,1344.2,1210.2,1217.9,1207.0,0.01K,-0.0142
1440,2014-10-07,1363.6,1209.1,1210.8,1205.3,0.27K,0.0021
1441,2014-10-06,1360.7,1338.3,1338.3,1338.3,0.01K,0.0102
1442,2014-10-03,1346.9,1212.4,1212.4,1191.0,0.50K,-0.0155
1443,2014-10-02,1368.1,1215.3,1219.5,1210.3,0.18K,-0.0015
1444,2014-10-01,1370.2,1207.7,1217.8,1205.5,0.18K,0.0026
1445,2014-09-30,1366.7,1214.8,1218.2,1204.0,0.68K,-0.0051
1446,2014-09-29,1373.7,1216.3,1222.2,1214.7,6.34K,0.0024
1447,2014-09-26,1370.4,1214.1,1214.1,1214.1,0.00K,-0.0044
1448,2014-09-25,1376.4,1209.5,1216.1,1209.5,0.01K,0.0011
1449,2014-09-24,1374.9,1216.8,1216.8,1216.8,0.00K,-0.0017
1450,2014-09-23,1377.2,1221.0,1221.0,1221.0,0.01K,0.0022
1451,2014-09-22,1374.2,1214.9,1214.9,1212.4,0.01K,0.0008
1452,2014-09-19,1373.1,1218.3,1218.3,1218.3,0.00K,-0.0074
1453,2014-09-18,1383.4,1216.2,1220.4,1216.2,0.01K,-0.0062
1454,2014-09-17,1392.0,1236.2,1236.2,1221.9,0.01K,-0.0007
1455,2014-09-16,1393.0,1238.3,1238.3,1235.9,0.00K,0.0012
1456,2014-09-15,1391.3,1226.7,1235.0,1226.7,0.02K,0.0025
1457,2014-09-12,1387.8,1227.0,1227.0,1227.0,0.05K,-0.0054
1458,2014-09-11,1395.4,1237.4,1237.4,1237.4,-,-0.0047
1459,2014-09-10,1402.0,1256.7,1256.7,1243.5,0.10K,-0.0019
1460,2014-09-09,1404.6,1246.8,1246.8,1246.8,-,-0.004
1461,2014-09-08,1410.2,1268.4,1268.4,1262.2,0.00K,-0.0091
1462,2014-09-05,1423.2,1263.2,1268.1,1263.2,0.12K,0.0006
1463,2014-09-04,1422.3,1268.7,1272.7,1260.3,0.29K,-0.0022
1464,2014-09-03,1425.5,1266.3,1271.1,1263.1,0.28K,0.0046
1465,2014-09-02,1419.0,1284.5,1286.4,1262.5,0.28K,0.1022
1466,2014-09-01,1287.4,1287.6,1290.9,1285.9,-,-0.0002
1467,2014-08-31,1287.7,1288.5,1289.0,1286.8,-,-0.1061
1468,2014-08-29,1440.6,1289.5,1289.7,1284.8,0.12K,-0.0022
1469,2014-08-28,1443.8,1284.5,1293.7,1284.3,0.82K,0.0048
1470,2014-08-27,1436.9,1281.5,1282.3,1281.5,0.04K,-0.0017
1471,2014-08-26,1439.3,1289.4,1289.5,1281.1,0.07K,0.0043
1472,2014-08-25,1433.1,1424.9,1424.9,1424.9,0.00K,-0.0007
1473,2014-08-22,1434.1,1276.0,1280.0,1275.0,0.12K,0.0034
1474,2014-08-21,1429.2,1290.0,1290.0,1272.0,0.26K,-0.0137
1475,2014-08-20,1449.0,1295.4,1295.8,1288.4,0.33K,0.0
1476,2014-08-19,1449.0,1298.8,1301.7,1294.0,0.14K,-0.0026
1477,2014-08-18,1452.8,1301.4,1302.1,1295.7,0.10K,-0.0045
1478,2014-08-15,1459.4,1311.7,1312.8,1292.0,0.20K,-0.0066
1479,2014-08-14,1469.1,1311.8,1316.4,1309.7,0.32K,0.0008
1480,2014-08-13,1467.9,1308.8,1312.6,1305.0,0.24K,0.0018
1481,2014-08-12,1465.3,1306.2,1315.8,1305.8,0.44K,-0.0001
1482,2014-08-11,1465.5,1308.4,1309.7,1305.3,0.19K,-0.0003
1483,2014-08-08,1465.9,1310.8,1322.1,1308.0,0.59K,-0.001
1484,2014-08-07,1467.3,1305.3,1313.2,1302.5,0.23K,0.0031
1485,2014-08-06,1462.7,1288.1,1309.0,1287.8,0.71K,0.0165
1486,2014-08-05,1439.0,1288.0,1292.7,1282.6,0.83K,-0.002
1487,2014-08-04,1441.9,1294.4,1295.0,1285.9,0.92K,-0.0063
1488,2014-08-01,1451.1,1284.1,1296.6,1279.7,1.99K,0.0067
1489,2014-07-31,1441.5,1295.1,1297.3,1280.6,5.66K,-0.01
1490,2014-07-30,1456.1,1298.6,1303.0,1291.0,0.00K,-0.0004
1491,2014-07-29,1456.7,1310.9,1310.9,1310.0,0.05K,-0.0036
1492,2014-07-28,1462.0,1307.4,1308.0,1304.3,0.05K,0.0012
1493,2014-07-25,1460.3,1294.8,1294.8,1294.8,0.01K,0.009000000000000001
1494,2014-07-24,1447.3,1297.5,1297.5,1297.5,0.00K,-0.0089
1495,2014-07-23,1460.3,1304.5,1304.5,1304.5,-,-0.0009
1496,2014-07-22,1461.6,1306.1,1306.1,1306.1,0.00K,-0.0054
1497,2014-07-21,1469.6,1311.0,1315.5,1311.0,0.02K,0.0033
1498,2014-07-18,1464.7,1322.7,1322.7,1306.2,0.03K,-0.005
1499,2014-07-17,1472.1,1303.1,1323.8,1303.1,0.02K,0.0118
1500,2014-07-16,1454.9,1298.4,1303.1,1296.9,0.03K,0.0025
1501,2014-07-15,1451.3,1307.4,1312.1,1294.1,0.37K,-0.0064
1502,2014-07-14,1460.7,1332.8,1332.8,1304.7,0.10K,-0.0216
1503,2014-07-11,1492.9,1337.9,1339.0,1336.2,0.11K,-0.0012
1504,2014-07-10,1494.7,1330.5,1343.7,1328.0,0.03K,0.0101
1505,2014-07-09,1479.7,1324.0,1330.4,1324.0,0.02K,0.0056
1506,2014-07-08,1471.4,1318.4,1323.5,1316.0,0.01K,-0.0004
1507,2014-07-07,1472.0,1319.6,1320.3,1313.2,0.09K,0.1141
1508,2014-07-04,1321.3,1321.1,1324.0,1319.6,-,-0.1046
1509,2014-07-03,1475.6,1327.3,1327.7,1313.0,0.04K,-0.0062
1510,2014-07-02,1484.8,1326.8,1330.7,1326.8,0.23K,0.0031
1511,2014-07-01,1480.2,1326.7,1331.4,1326.2,0.05K,0.0035
1512,2014-06-30,1475.1,1315.3,1328.7,1311.8,0.74K,0.1183
1513,2014-06-27,1319.0,1317.4,1320.9,1313.3,0.63K,0.0022
1514,2014-06-26,1316.1,1319.6,1319.6,1312.4,0.59K,-0.0046
1515,2014-06-25,1322.2,1315.3,1323.4,1312.0,0.29K,0.001
1516,2014-06-24,1320.9,1315.6,1325.6,1315.6,0.22K,0.0022
1517,2014-06-23,1318.0,1312.3,1316.9,1312.3,0.14K,0.0014
1518,2014-06-20,1316.2,1321.4,1321.4,1306.8,0.25K,0.0019
1519,2014-06-19,1313.7,1277.2,1321.0,1277.2,0.60K,0.0325
1520,2014-06-18,1272.4,1269.9,1272.7,1267.4,0.14K,0.0006
1521,2014-06-17,1271.7,1272.8,1272.8,1260.9,0.82K,-0.0025
1522,2014-06-16,1274.9,1279.8,1283.5,1270.8,0.33K,0.0009
1523,2014-06-13,1273.7,1272.5,1274.7,1271.3,0.15K,0.0001
1524,2014-06-12,1273.6,1260.0,1274.5,1260.0,0.13K,0.0102
1525,2014-06-11,1260.8,1259.9,1264.4,1259.1,0.13K,0.0008
1526,2014-06-10,1259.8,1252.4,1262.3,1251.0,1.01K,0.005
1527,2014-06-09,1253.5,1252.7,1256.1,1251.8,0.10K,0.0011
1528,2014-06-06,1252.1,1253.4,1256.6,1246.3,0.38K,-0.0007
1529,2014-06-05,1253.0,1244.0,1256.6,1241.2,1.32K,0.0072
1530,2014-06-04,1244.0,1245.1,1248.8,1242.7,0.60K,-0.0002
1531,2014-06-03,1244.3,1244.1,1247.5,1240.5,0.65K,0.0005
1532,2014-06-02,1243.7,1250.0,1250.7,1240.9,0.77K,-0.0015
1533,2014-05-30,1245.6,1255.1,1259.6,1241.8,3.84K,-0.0085
1534,2014-05-29,1256.3,1258.3,1260.6,1250.9,38.05K,-0.0024
1535,2014-05-28,1259.3,1259.3,1259.3,1263.6,-,-0.0048
1536,2014-05-27,1265.4,1291.9,1291.9,1276.0,0.03K,-0.021
1537,2014-05-26,1292.5,1291.6,1294.4,1291.4,-,0.0006
1538,2014-05-25,1291.7,1293.9,1294.2,1291.1,-,0.0001
1539,2014-05-23,1291.6,1293.2,1293.4,1293.2,0.00K,-0.0025
1540,2014-05-22,1294.9,1294.2,1295.0,1294.2,0.00K,0.0054
1541,2014-05-21,1288.0,1287.4,1287.4,1287.4,0.00K,-0.005
1542,2014-05-20,1294.5,1290.7,1290.7,1290.1,0.01K,0.0006
1543,2014-05-19,1293.7,1293.7,1293.7,1293.7,0.04K,0.0003
1544,2014-05-16,1293.3,1293.3,1293.3,1293.3,0.01K,-0.0002
1545,2014-05-15,1293.5,1302.5,1302.5,1292.8,0.03K,-0.0093
1546,2014-05-14,1305.7,1292.8,1306.9,1292.8,0.03K,0.0086
1547,2014-05-13,1294.6,1295.5,1295.5,1292.0,0.02K,-0.0008
1548,2014-05-12,1295.6,1282.1,1295.9,1281.2,0.02K,0.0064
1549,2014-05-09,1287.3,1287.3,1287.3,1287.3,0.00K,-0.0001
1550,2014-05-08,1287.4,1291.5,1291.5,1285.5,0.07K,-0.0009
1551,2014-05-07,1288.6,1310.3,1312.0,1288.0,0.02K,-0.0151
1552,2014-05-06,1308.3,1309.4,1309.4,1306.9,0.01K,-0.0005
1553,2014-05-05,1309.0,1305.6,1314.2,1305.5,0.03K,0.0049
1554,2014-05-02,1302.6,1276.7,1302.7,1276.7,0.09K,0.0152
1555,2014-05-01,1283.1,1288.7,1288.7,1278.0,0.03K,-0.0096
1556,2014-04-30,1295.6,1296.0,1296.5,1286.6,0.18K,-0.0003
1557,2014-04-29,1296.0,1295.5,1300.5,1289.1,0.90K,-0.0022
1558,2014-04-28,1298.9,1305.4,1305.4,1293.0,0.06K,-0.0014
1559,2014-04-25,1300.7,1293.8,1304.6,1293.8,0.27K,0.0079
1560,2014-04-24,1290.5,1284.6,1297.9,1272.4,0.52K,0.0049
1561,2014-04-23,1284.2,1284.3,1287.7,1282.4,0.18K,0.0028
1562,2014-04-22,1280.6,1289.2,1291.6,1276.0,0.10K,-0.0057
1563,2014-04-21,1288.0,1290.0,1299.2,1283.7,0.10K,-0.0042
1564,2014-04-17,1293.4,1300.1,1303.0,1292.5,0.12K,-0.0074
1565,2014-04-16,1303.1,1302.7,1304.0,1295.0,0.18K,0.0024
1566,2014-04-15,1300.0,1322.7,1322.7,1291.5,0.24K,-0.0205
1567,2014-04-14,1327.2,1320.1,1330.0,1320.1,0.33K,0.0064
1568,2014-04-11,1318.7,1319.0,1322.8,1316.3,0.08K,-0.0011
1569,2014-04-10,1320.1,1311.8,1323.8,1311.2,0.13K,0.0112
1570,2014-04-09,1305.5,1309.5,1313.6,1301.1,0.19K,-0.0024
1571,2014-04-08,1308.7,1296.6,1314.1,1296.6,0.26K,0.0082
1572,2014-04-07,1298.0,1301.4,1304.0,1296.3,0.36K,-0.004
1573,2014-04-04,1303.2,1285.5,1306.1,1284.4,0.98K,0.0146
1574,2014-04-03,1284.4,1290.8,1293.6,1282.7,0.78K,-0.0047
1575,2014-04-02,1290.5,1280.2,1294.1,1280.2,1.10K,0.0085
1576,2014-04-01,1279.6,1285.1,1287.9,1277.3,0.88K,-0.003
1577,2014-03-31,1283.4,1294.3,1298.8,1282.4,4.12K,-0.008
1578,2014-03-28,1293.8,1292.2,1299.4,1285.9,65.49K,-0.0007
1579,2014-03-27,1294.7,1294.7,1294.7,1294.7,-,-0.0067
1580,2014-03-26,1303.4,1315.2,1315.2,1311.8,0.00K,-0.0061
1581,2014-03-25,1311.4,1315.5,1315.5,1307.5,0.05K,0.0002
1582,2014-03-24,1311.2,1333.0,1333.0,1310.5,0.10K,-0.0186
1583,2014-03-21,1336.0,1339.1,1339.1,1335.0,0.00K,0.0041
1584,2014-03-20,1330.5,1333.7,1333.7,1325.8,0.07K,-0.0081
1585,2014-03-19,1341.4,1357.1,1358.0,1332.7,0.06K,-0.013
1586,2014-03-18,1359.0,1359.3,1361.8,1353.4,0.04K,-0.0101
1587,2014-03-17,1372.9,1386.1,1391.4,1372.2,0.03K,-0.0044
1588,2014-03-14,1379.0,1376.1,1386.6,1369.8,0.09K,0.005
1589,2014-03-13,1372.2,1366.8,1374.5,1366.5,0.02K,0.0014
1590,2014-03-12,1370.3,1349.1,1370.5,1348.7,0.06K,0.0177
1591,2014-03-11,1346.5,1340.0,1352.4,1338.1,0.05K,0.0038
1592,2014-03-10,1341.4,1336.0,1344.7,1330.5,0.10K,0.0025
1593,2014-03-07,1338.1,1349.5,1352.7,1329.2,0.10K,-0.0101
1594,2014-03-06,1351.7,1338.0,1351.6,1333.3,0.06K,0.0086
1595,2014-03-05,1340.2,1334.8,1341.0,1334.8,0.03K,0.0018
1596,2014-03-04,1337.8,1350.4,1350.4,1332.2,0.08K,-0.0091
1597,2014-03-03,1350.1,1335.9,1354.1,1332.9,0.23K,0.0217
1598,2014-02-28,1321.4,1329.8,1332.6,1321.1,0.24K,-0.0077
1599,2014-02-27,1331.6,1329.3,1335.0,1324.6,0.37K,0.0026
1600,2014-02-26,1328.2,1341.2,1344.0,1325.6,0.06K,-0.011
1601,2014-02-25,1343.0,1336.4,1343.9,1333.1,0.29K,0.0035
1602,2014-02-24,1338.3,1324.3,1339.0,1321.4,0.09K,0.0109
1603,2014-02-21,1323.9,1320.0,1328.3,1317.4,0.17K,0.0052
1604,2014-02-20,1317.1,1310.7,1323.5,1309.6,0.12K,-0.0027
1605,2014-02-19,1320.6,1318.3,1321.6,1309.1,0.19K,-0.0031
1606,2014-02-18,1324.7,1322.9,1330.6,1313.9,0.37K,-0.0029
1607,2014-02-17,1328.5,1323.7,1332.2,1321.1,-,0.0072
1608,2014-02-14,1319.0,1301.7,1320.7,1301.5,0.31K,0.0143
1609,2014-02-13,1300.4,1293.3,1303.5,1287.5,0.88K,0.0039
1610,2014-02-12,1295.3,1290.5,1296.2,1285.5,0.14K,0.004
1611,2014-02-11,1290.1,1274.0,1292.0,1273.8,0.56K,0.012
1612,2014-02-10,1274.8,1269.6,1277.3,1265.7,0.74K,0.0091
1613,2014-02-07,1263.3,1258.3,1271.4,1257.9,0.44K,0.0045
1614,2014-02-06,1257.6,1258.0,1267.0,1253.5,0.27K,0.0002
1615,2014-02-05,1257.3,1254.0,1273.7,1253.1,1.62K,0.0045
1616,2014-02-04,1251.7,1258.4,1260.7,1247.8,1.75K,-0.0069
1617,2014-02-03,1260.4,1242.4,1266.3,1241.2,2.91K,0.0164
1618,2014-01-31,1240.1,1243.6,1254.5,1238.4,5.82K,-0.0017
1619,2014-01-30,1242.2,1267.0,1267.7,1237.5,45.28K,-0.0158
1620,2014-01-29,1262.2,1262.2,1262.2,1262.2,-,0.009000000000000001
1621,2014-01-28,1251.0,1257.9,1258.4,1257.9,0.02K,-0.01
1622,2014-01-27,1263.6,1259.8,1264.4,1254.4,0.09K,-0.0007
1623,2014-01-24,1264.5,1258.3,1269.4,1258.3,0.04K,0.0015
1624,2014-01-23,1262.6,1235.2,1264.2,1235.2,0.04K,0.019
1625,2014-01-22,1239.0,1241.7,1242.0,1240.1,0.06K,-0.0027
1626,2014-01-21,1242.3,1256.4,1257.5,1240.0,0.22K,-0.0102
1627,2014-01-20,1255.1,1255.7,1257.9,1253.1,-,0.0027
1628,2014-01-17,1251.7,1239.7,1254.3,1239.7,0.10K,0.0094
1629,2014-01-16,1240.0,1239.3,1242.8,1238.7,0.05K,0.0015
1630,2014-01-15,1238.1,1243.1,1243.2,1238.2,0.07K,-0.0057
1631,2014-01-14,1245.2,1251.0,1251.3,1242.0,0.04K,-0.0046
1632,2014-01-13,1250.9,1250.6,1252.7,1245.5,0.05K,0.0034
1633,2014-01-10,1246.7,1235.0,1246.8,1234.0,0.06K,0.0142
1634,2014-01-09,1229.3,1225.8,1229.0,1225.8,0.01K,0.0033
1635,2014-01-08,1225.3,1227.5,1227.5,1218.6,0.19K,-0.0033
1636,2014-01-07,1229.4,1239.3,1242.4,1226.0,0.07K,-0.0068
1637,2014-01-06,1237.8,1232.8,1247.0,1221.9,0.13K,-0.0005
1638,2014-01-03,1238.4,1221.7,1239.0,1221.7,0.14K,0.0109
1639,2014-01-02,1225.0,1204.3,1227.3,1204.3,0.21K,0.0163
1640,2014-01-01,1205.4,1203.6,1205.4,1202.8,-,0.0029
1641,2013-12-31,1201.9,1196.4,1212.4,1182.0,0.12K,-0.001
1642,2013-12-30,1203.1,1215.0,1215.5,1194.4,0.35K,-0.0107
1643,2013-12-27,1216.1,1213.4,1218.5,1212.9,0.28K,0.0016
1644,2013-12-26,1214.1,1207.1,1215.9,1207.1,0.14K,0.0075
1645,2013-12-24,1205.1,1199.8,1205.6,1197.7,0.18K,0.0056
1646,2013-12-23,1198.4,1205.2,1205.2,1195.9,0.12K,-0.0056
1647,2013-12-20,1205.1,1190.9,1207.8,1190.9,0.20K,0.0085
1648,2013-12-19,1195.0,1226.6,1226.6,1188.7,0.12K,-0.0332
1649,2013-12-18,1236.1,1231.5,1245.1,1217.0,0.11K,0.004
1650,2013-12-17,1231.2,1237.0,1240.4,1231.3,0.02K,-0.0115
1651,2013-12-16,1245.5,1238.4,1250.6,1228.9,0.24K,0.0079
1652,2013-12-13,1235.7,1226.7,1239.0,1222.2,0.45K,0.0079
1653,2013-12-12,1226.0,1253.5,1255.4,1225.9,0.61K,-0.0258
1654,2013-12-11,1258.5,1261.9,1261.9,1252.1,0.15K,-0.0031
1655,2013-12-10,1262.4,1239.0,1267.0,1239.0,0.88K,0.0219
1656,2013-12-09,1235.3,1230.2,1243.2,1229.0,0.35K,0.0041
1657,2013-12-06,1230.3,1228.7,1242.0,1213.0,1.03K,-0.0024
1658,2013-12-05,1233.2,1240.0,1241.5,1218.6,0.45K,-0.012
1659,2013-12-04,1248.2,1225.1,1250.4,1212.9,1.82K,0.0217
1660,2013-12-03,1221.7,1219.2,1225.7,1215.6,1.93K,-0.0005
1661,2013-12-02,1222.3,1251.4,1251.5,1217.8,4.98K,-0.0226
1662,2013-11-29,1250.6,1237.8,1254.5,1233.7,9.20K,0.0055
1663,2013-11-28,1243.8,1237.9,1245.3,1236.2,-,0.0048
1664,2013-11-27,1237.8,1241.6,1254.8,1235.5,82.33K,-0.0029
1665,2013-11-26,1241.4,1243.0,1243.0,1243.0,0.00K,0.0002
1666,2013-11-25,1241.1,1231.1,1240.7,1229.0,0.02K,-0.0023
1667,2013-11-22,1244.0,1243.2,1247.0,1241.4,0.08K,0.0004
1668,2013-11-21,1243.5,1245.7,1247.1,1236.5,0.09K,-0.0114
1669,2013-11-20,1257.9,1269.0,1269.0,1241.9,0.12K,-0.0122
1670,2013-11-19,1273.4,1274.2,1275.2,1271.0,0.01K,0.0009
1671,2013-11-18,1272.2,1284.7,1284.8,1272.2,0.01K,-0.0117
1672,2013-11-15,1287.3,1287.7,1288.5,1281.5,0.02K,0.0009
1673,2013-11-14,1286.2,1280.2,1293.3,1278.1,0.03K,0.0141
1674,2013-11-13,1268.3,1274.0,1280.5,1271.1,0.02K,-0.0022
1675,2013-11-12,1271.1,1282.3,1282.3,1268.5,0.00K,-0.0077
1676,2013-11-11,1281.0,1281.6,1281.8,1281.0,0.01K,-0.0027
1677,2013-11-08,1284.5,1308.0,1308.1,1281.3,0.02K,-0.0183
1678,2013-11-07,1308.4,1323.6,1323.6,1298.0,0.13K,-0.0071
1679,2013-11-06,1317.7,1313.5,1318.6,1312.5,0.01K,0.0074
1680,2013-11-05,1308.0,1313.3,1317.5,1306.9,0.10K,-0.005
1681,2013-11-04,1314.6,1314.6,1320.5,1312.1,0.04K,0.0011
1682,2013-11-01,1313.1,1325.7,1325.7,1308.0,0.02K,-0.0079
1683,2013-10-31,1323.6,1334.0,1334.0,1321.7,0.06K,-0.0188
1684,2013-10-30,1349.0,1340.8,1355.8,1335.6,0.04K,0.0028
1685,2013-10-29,1345.2,1359.6,1359.7,1359.6,0.01K,-0.005
1686,2013-10-28,1352.0,1351.4,1359.2,1349.0,0.02K,-0.0003
1687,2013-10-25,1352.4,1346.2,1353.0,1346.2,0.02K,0.0016
1688,2013-10-24,1350.2,1334.5,1350.1,1334.5,0.02K,0.0122
1689,2013-10-23,1333.9,1331.9,1333.4,1331.9,0.01K,-0.0064
1690,2013-10-22,1342.5,1313.9,1342.6,1313.9,0.06K,0.0204
1691,2013-10-21,1315.7,1316.8,1317.7,1316.5,0.02K,0.001
1692,2013-10-18,1314.4,1318.8,1326.0,1312.6,0.07K,-0.0063
1693,2013-10-17,1322.7,1307.0,1320.8,1307.0,0.07K,0.0317
1694,2013-10-16,1282.0,1282.8,1284.0,1269.2,0.09K,0.0071
1695,2013-10-15,1273.0,1270.5,1284.8,1254.1,0.21K,-0.0027
1696,2013-10-14,1276.4,1275.8,1285.8,1272.1,0.06K,0.0066
1697,2013-10-11,1268.0,1286.9,1291.6,1263.8,0.21K,-0.0221
1698,2013-10-10,1296.6,1303.4,1310.8,1285.0,0.09K,-0.0079
1699,2013-10-09,1306.9,1317.6,1319.0,1295.3,0.14K,-0.0131
1700,2013-10-08,1324.2,1326.5,1330.0,1321.2,0.06K,-0.0005
1701,2013-10-07,1324.8,1313.8,1325.4,1311.8,0.08K,0.0115
1702,2013-10-04,1309.7,1316.2,1318.1,1305.7,0.04K,-0.0058
1703,2013-10-03,1317.4,1312.0,1319.5,1302.5,0.22K,-0.0024
1704,2013-10-02,1320.6,1288.5,1321.0,1280.0,0.15K,0.0269
1705,2013-10-01,1286.0,1328.0,1334.2,1283.8,0.82K,-0.0305
1706,2013-09-30,1326.5,1345.8,1350.9,1322.0,0.60K,-0.0089
1707,2013-09-27,1338.4,1321.5,1343.8,1319.7,2.99K,0.0112
1708,2013-09-26,1323.6,1335.2,1338.3,1335.2,0.01K,-0.0092
1709,2013-09-25,1335.9,1322.7,1335.3,1322.7,0.05K,0.0151
1710,2013-09-24,1316.0,1321.2,1324.9,1309.4,0.06K,-0.0082
1711,2013-09-23,1326.9,1327.1,1327.8,1317.6,0.08K,-0.0042
1712,2013-09-20,1332.5,1347.5,1347.5,1330.7,0.00K,-0.0269
1713,2013-09-19,1369.4,1362.9,1373.0,1362.9,0.04K,0.0471
1714,2013-09-18,1307.8,1292.1,1347.7,1292.1,0.03K,-0.0013
1715,2013-09-17,1309.5,1313.0,1313.1,1310.2,0.02K,-0.0064
1716,2013-09-16,1317.9,1328.4,1329.6,1310.8,0.11K,0.0073
1717,2013-09-13,1308.4,1322.9,1323.0,1305.3,0.04K,-0.0165
1718,2013-09-12,1330.4,1360.0,1360.0,1322.4,0.12K,-0.0246
1719,2013-09-11,1363.9,1365.8,1365.8,1356.7,0.06K,-0.0001
1720,2013-09-10,1364.1,1377.5,1377.5,1357.6,0.02K,-0.0164
1721,2013-09-09,1386.8,1389.8,1389.8,1386.5,0.04K,0.0001
1722,2013-09-06,1386.7,1371.0,1390.1,1368.9,0.05K,0.0099
1723,2013-09-05,1373.1,1393.5,1397.5,1367.1,0.04K,-0.0121
1724,2013-09-04,1389.9,1413.0,1413.0,1387.1,0.10K,-0.0157
1725,2013-09-03,1412.0,1393.0,1414.4,1382.3,0.14K,0.0131
1726,2013-09-02,1393.7,1380.4,1398.0,1379.6,-,-0.0017
1727,2013-08-30,1396.1,1407.2,1409.8,1392.3,0.10K,-0.0119
1728,2013-08-29,1412.9,1417.4,1417.4,1404.5,0.38K,-0.0043
1729,2013-08-28,1419.0,1417.3,1428.0,1415.1,0.02K,-0.0011
1730,2013-08-27,1420.6,1403.8,1421.1,1398.7,0.40K,0.0198
1731,2013-08-26,1393.0,1398.6,1403.0,1391.3,0.20K,-0.0019
1732,2013-08-23,1395.7,1376.8,1398.2,1373.9,0.18K,0.0179
1733,2013-08-22,1371.2,1362.0,1380.4,1362.0,0.08K,0.0004
1734,2013-08-21,1370.6,1372.5,1377.3,1360.9,0.11K,-0.0018
1735,2013-08-20,1373.1,1355.0,1377.0,1355.0,0.12K,0.0051
1736,2013-08-19,1366.2,1379.0,1384.4,1363.9,0.14K,-0.004
1737,2013-08-16,1371.7,1366.8,1378.9,1361.0,0.18K,0.0074
1738,2013-08-15,1361.6,1340.1,1369.6,1319.9,0.24K,0.0207
1739,2013-08-14,1334.0,1317.7,1336.3,1317.7,0.33K,0.0097
1740,2013-08-13,1321.2,1331.9,1339.1,1320.2,0.21K,-0.0101
1741,2013-08-12,1334.7,1317.2,1342.4,1317.2,0.31K,0.0166
1742,2013-08-09,1312.9,1315.1,1315.8,1306.7,0.45K,0.0017
1743,2013-08-08,1310.7,1283.9,1312.8,1283.7,0.48K,0.0191
1744,2013-08-07,1286.1,1282.5,1288.4,1274.0,0.99K,0.0023
1745,2013-08-06,1283.2,1303.0,1305.9,1279.3,1.31K,-0.0149
1746,2013-08-05,1302.6,1311.2,1318.3,1297.5,0.90K,-0.0061
1747,2013-08-02,1310.6,1306.7,1317.6,1283.0,1.45K,-0.0003
1748,2013-08-01,1311.0,1323.0,1328.5,1306.9,1.56K,-0.0011
1749,2013-07-31,1312.4,1325.5,1338.4,1304.9,6.25K,-0.0088
1750,2013-07-30,1324.0,1327.2,1329.6,1316.2,44.77K,-0.0033
1751,2013-07-29,1328.4,1328.4,1328.4,1328.4,0.00K,0.0051
1752,2013-07-26,1321.7,1326.5,1326.5,1322.4,0.07K,-0.0055
1753,2013-07-25,1329.0,1318.5,1336.8,1318.5,0.06K,0.006999999999999999
1754,2013-07-24,1319.7,1342.2,1345.1,1318.6,0.04K,-0.0115
1755,2013-07-23,1335.1,1334.8,1342.3,1327.9,0.01K,-0.001
1756,2013-07-22,1336.4,1317.0,1332.2,1317.0,0.02K,0.0333
1757,2013-07-19,1293.3,1291.7,1292.2,1290.0,0.01K,0.0068
1758,2013-07-18,1284.6,1275.3,1286.4,1275.2,0.03K,0.0052
1759,2013-07-17,1277.9,1286.2,1300.0,1272.9,0.01K,-0.01
1760,2013-07-16,1290.8,1279.4,1291.4,1279.4,0.01K,0.0055
1761,2013-07-15,1283.8,1292.1,1292.4,1281.6,0.02K,0.0047
1762,2013-07-12,1277.8,1282.3,1282.3,1273.3,0.01K,-0.0018
1763,2013-07-11,1280.1,1284.6,1285.0,1278.9,0.02K,0.0262
1764,2013-07-10,1247.4,1244.6,1263.9,1244.6,0.06K,0.0012
1765,2013-07-09,1245.9,1234.7,1254.5,1234.4,0.03K,0.0089
1766,2013-07-08,1234.9,1218.8,1235.2,1215.4,0.06K,0.0181
1767,2013-07-05,1212.9,1252.7,1254.1,1208.9,0.07K,-0.0274
1768,2013-07-04,1247.05,1254.55,1256.15,1244.45,-,-0.004
1769,2013-07-03,1252.1,1243.8,1258.2,1240.3,0.02K,0.0068
1770,2013-07-02,1243.6,1254.1,1266.3,1241.2,0.11K,-0.0098
1771,2013-07-01,1255.9,1234.7,1261.0,1234.2,0.15K,0.0262
1772,2013-06-28,1223.8,1200.9,1232.3,1183.2,0.23K,0.0102
1773,2013-06-27,1211.4,1224.7,1241.6,1198.3,0.53K,-0.0148
1774,2013-06-26,1229.6,1273.9,1273.9,1228.8,0.37K,-0.0355
1775,2013-06-25,1274.8,1281.3,1286.0,1273.2,0.95K,-0.0016
1776,2013-06-24,1276.8,1297.3,1297.3,1275.7,0.32K,-0.0115
1777,2013-06-21,1291.6,1280.4,1300.0,1268.9,0.46K,0.0044
1778,2013-06-20,1285.9,1348.1,1348.1,1275.4,0.71K,-0.0638
1779,2013-06-19,1373.6,1368.1,1372.7,1348.1,0.20K,0.0051
1780,2013-06-18,1366.6,1383.1,1383.5,1363.0,0.35K,-0.0117
1781,2013-06-17,1382.8,1390.3,1390.5,1380.0,0.11K,-0.0032
1782,2013-06-14,1387.3,1383.9,1389.6,1377.8,0.09K,0.006999999999999999
1783,2013-06-13,1377.6,1386.8,1390.9,1373.4,0.46K,-0.0102
1784,2013-06-12,1391.8,1375.0,1393.5,1373.7,0.51K,0.0107
1785,2013-06-11,1377.0,1384.2,1384.4,1366.0,0.48K,-0.0066
1786,2013-06-10,1386.2,1378.8,1386.9,1375.6,0.37K,0.0023
1787,2013-06-07,1383.0,1411.5,1416.4,1377.9,1.16K,-0.0231
1788,2013-06-06,1415.7,1401.7,1422.7,1391.6,0.78K,0.0124
1789,2013-06-05,1398.4,1397.5,1410.0,1395.6,1.69K,0.0009
1790,2013-06-04,1397.1,1410.9,1414.1,1389.0,0.93K,-0.0103
1791,2013-06-03,1411.7,1389.1,1416.3,1388.3,1.42K,0.0137
1792,2013-05-31,1392.6,1412.4,1421.1,1384.2,6.00K,-0.0134
1793,2013-05-30,1411.5,1392.1,1417.5,1388.3,45.13K,0.0145
1794,2013-05-29,1391.3,1391.3,1391.3,1391.3,0.00K,0.0088
1795,2013-05-28,1379.1,1380.8,1392.5,1379.8,0.06K,-0.0121
1796,2013-05-27,1395.95,1385.95,1396.15,1384.15,-,0.0066
1797,2013-05-24,1386.8,1386.8,1386.8,1386.8,0.00K,-0.0037
1798,2013-05-23,1392.0,1380.6,1394.8,1377.8,0.06K,0.0178
1799,2013-05-22,1367.6,1387.2,1395.7,1364.5,0.01K,-0.0074
1800,2013-05-21,1377.8,1386.5,1392.3,1358.5,0.05K,-0.0047
1801,2013-05-20,1384.3,1342.9,1391.9,1342.9,0.02K,0.0142
1802,2013-05-17,1364.9,1386.7,1391.1,1359.1,0.05K,-0.016
1803,2013-05-16,1387.1,1390.4,1395.1,1370.6,0.04K,-0.0067
1804,2013-05-15,1396.5,1425.7,1425.7,1390.1,0.36K,-0.0198
1805,2013-05-14,1424.7,1430.1,1444.4,1422.0,0.07K,-0.0068
1806,2013-05-13,1434.5,1440.0,1440.6,1427.8,0.34K,-0.0016
1807,2013-05-10,1436.8,1455.6,1459.3,1423.0,0.57K,-0.0218
1808,2013-05-09,1468.8,1471.2,1473.4,1453.0,0.03K,-0.0035
1809,2013-05-08,1473.9,1455.5,1474.7,1450.7,0.08K,0.0172
1810,2013-05-07,1449.0,1462.0,1466.2,1441.2,0.09K,-0.013
1811,2013-05-06,1468.1,1468.1,1477.2,1466.8,0.03K,0.0026
1812,2013-05-03,1464.3,1465.5,1487.1,1461.4,0.07K,-0.0023
1813,2013-05-02,1467.7,1459.0,1471.2,1453.5,0.24K,0.0148
1814,2013-05-01,1446.3,1475.8,1477.1,1440.0,0.13K,-0.0176
1815,2013-04-30,1472.2,1471.1,1476.6,1461.0,0.53K,0.0033
1816,2013-04-29,1467.4,1462.7,1475.5,1462.3,0.27K,0.0095
1817,2013-04-26,1453.6,1467.4,1480.0,1451.4,0.63K,-0.0056
1818,2013-04-25,1461.8,1433.0,1458.3,1433.0,0.22K,0.027000000000000003
1819,2013-04-24,1423.4,1423.2,1430.1,1420.4,0.14K,0.0105
1820,2013-04-23,1408.6,1429.5,1429.5,1405.8,0.33K,-0.0087
1821,2013-04-22,1421.0,1406.8,1434.9,1406.8,0.07K,0.0184
1822,2013-04-19,1395.3,1419.3,1420.3,1395.1,0.24K,0.0024
1823,2013-04-18,1392.0,1347.5,1396.4,1347.5,0.06K,0.0071
1824,2013-04-17,1382.2,1373.2,1394.2,1370.2,0.09K,-0.0033
1825,2013-04-16,1386.8,1358.0,1401.0,1323.0,0.62K,0.0193
1826,2013-04-15,1360.6,1478.2,1487.4,1338.0,1.31K,-0.0935
1827,2013-04-12,1501.0,1560.8,1560.8,1480.2,0.88K,-0.0405
1828,2013-04-11,1564.3,1557.1,1566.7,1554.8,1.07K,0.0039
1829,2013-04-10,1558.3,1584.4,1586.0,1557.0,0.36K,-0.0176
1830,2013-04-09,1586.2,1571.6,1589.3,1570.0,0.22K,0.009000000000000001
1831,2013-04-08,1572.0,1575.8,1580.6,1567.6,0.10K,-0.0022
1832,2013-04-05,1575.4,1553.2,1580.6,1550.1,1.18K,0.0152
1833,2013-04-04,1551.8,1557.3,1557.3,1539.1,0.83K,-0.0006
1834,2013-04-03,1552.8,1575.7,1576.4,1549.2,2.17K,-0.0142
1835,2013-04-02,1575.1,1599.2,1602.6,1574.1,2.29K,-0.0156
1836,2013-04-01,1600.0,1596.8,1600.5,1594.8,0.69K,0.0033
1837,2013-03-28,1594.8,1604.7,1606.6,1593.6,4.72K,-0.0071
1838,2013-03-27,1606.2,1598.5,1608.1,1590.3,50.45K,0.0065
1839,2013-03-26,1595.8,1595.8,1595.8,1595.8,0.01K,-0.0055
1840,2013-03-25,1604.6,1607.1,1607.8,1596.1,0.03K,-0.001
1841,2013-03-22,1606.2,1611.0,1611.0,1604.1,0.10K,-0.0047
1842,2013-03-21,1613.8,1612.8,1613.0,1611.9,0.01K,0.0039
1843,2013-03-20,1607.5,1610.0,1613.0,1606.2,0.01K,-0.0024
1844,2013-03-19,1611.3,1613.1,1613.1,1613.0,0.20K,0.0042
1845,2013-03-18,1604.6,1605.9,1607.7,1601.6,0.61K,0.0076
1846,2013-03-15,1592.5,1590.5,1594.4,1590.2,0.01K,0.0012
1847,2013-03-14,1590.6,1585.7,1587.9,1575.7,0.14K,0.0014
1848,2013-03-13,1588.3,1592.3,1596.0,1585.0,0.40K,-0.002
1849,2013-03-12,1591.5,1579.8,1595.6,1579.8,0.16K,0.0087
1850,2013-03-11,1577.8,1576.0,1579.7,1576.0,1.12K,0.0008
1851,2013-03-08,1576.6,1578.6,1581.2,1561.8,0.07K,0.0011
1852,2013-03-07,1574.8,1580.0,1583.5,1573.9,0.05K,0.0001
1853,2013-03-06,1574.6,1577.6,1582.6,1566.8,0.11K,0.0
1854,2013-03-05,1574.6,1577.6,1585.5,1571.4,0.07K,0.0016
1855,2013-03-04,1572.1,1580.8,1580.8,1569.7,0.06K,0.0001
1856,2013-03-01,1571.9,1579.6,1585.6,1566.0,0.07K,-0.0037
1857,2013-02-28,1577.7,1596.0,1601.6,1575.1,0.10K,-0.011
1858,2013-02-27,1595.2,1612.8,1612.8,1591.8,0.70K,-0.0124
1859,2013-02-26,1615.2,1593.3,1609.0,1589.0,0.19K,0.0183
1860,2013-02-25,1586.2,1579.4,1596.0,1577.7,0.12K,0.0088
1861,2013-02-22,1572.4,1580.0,1585.4,1572.3,0.08K,-0.0037
1862,2013-02-21,1578.2,1568.5,1581.2,1554.5,2.02K,0.0004
1863,2013-02-20,1577.6,1604.7,1606.9,1561.8,0.28K,-0.0162
1864,2013-02-19,1603.6,1610.0,1617.0,1599.7,0.27K,-0.0032
1865,2013-02-15,1608.8,1633.2,1633.9,1599.5,0.46K,-0.0158
1866,2013-02-14,1634.7,1641.1,1646.9,1632.7,0.22K,-0.0058
1867,2013-02-13,1644.2,1652.2,1652.3,1640.2,0.24K,-0.0027
1868,2013-02-12,1648.7,1643.8,1650.4,1642.4,0.09K,0.0003
1869,2013-02-11,1648.2,1666.5,1668.0,1643.7,0.87K,-0.0107
1870,2013-02-08,1666.0,1671.5,1672.5,1664.8,0.29K,-0.0026
1871,2013-02-07,1670.4,1677.0,1682.1,1663.1,0.48K,-0.0044
1872,2013-02-06,1677.7,1672.2,1678.5,1668.0,0.38K,0.0032
1873,2013-02-05,1672.4,1674.2,1683.4,1666.5,0.35K,-0.0017
1874,2013-02-04,1675.3,1668.0,1676.5,1661.6,0.45K,0.0035
1875,2013-02-01,1669.4,1663.9,1681.2,1659.9,3.25K,0.0053
1876,2013-01-31,1660.6,1675.4,1680.0,1657.4,6.04K,-0.0115
1877,2013-01-30,1679.9,1662.4,1683.2,1661.8,44.89K,0.0116
1878,2013-01-29,1660.7,1661.2,1661.5,1660.7,0.02K,0.005
1879,2013-01-28,1652.4,1651.6,1655.5,1651.6,0.08K,-0.0024
1880,2013-01-25,1656.4,1663.0,1663.0,1657.2,0.04K,-0.0078
1881,2013-01-24,1669.5,1680.8,1681.7,1668.0,0.01K,-0.01
1882,2013-01-23,1686.3,1691.3,1693.7,1685.2,0.03K,-0.0038
1883,2013-01-22,1692.8,1690.3,1694.7,1687.8,0.02K,0.0037
1884,2013-01-18,1686.6,1687.4,1692.0,1687.3,0.01K,-0.0022
1885,2013-01-17,1690.4,1676.4,1694.6,1671.0,0.08K,0.0046
1886,2013-01-16,1682.7,1674.4,1680.5,1674.4,0.01K,-0.0004
1887,2013-01-15,1683.4,1671.6,1684.3,1671.6,0.02K,0.0087
1888,2013-01-14,1668.9,1665.4,1673.8,1664.1,0.01K,0.0054
1889,2013-01-11,1660.0,1673.1,1673.1,1654.2,0.15K,-0.0103
1890,2013-01-10,1677.3,1672.5,1673.8,1672.5,0.01K,0.0136
1891,2013-01-09,1654.8,1658.6,1662.1,1651.2,0.01K,-0.004
1892,2013-01-08,1661.5,1647.7,1659.5,1647.7,0.02K,0.0097
1893,2013-01-07,1645.5,1656.5,1659.9,1643.8,0.05K,-0.0016
1894,2013-01-04,1648.1,1647.0,1658.3,1625.7,0.20K,-0.0153
1895,2013-01-03,1673.7,1686.1,1686.8,1662.0,0.14K,-0.0084
1896,2013-01-02,1687.9,1672.8,1693.8,1670.0,0.04K,0.0078
1897,2012-12-31,1674.8,1655.4,1677.1,1655.4,0.09K,0.012
1898,2012-12-28,1654.9,1664.0,1664.0,1653.7,0.20K,-0.0046
1899,2012-12-27,1662.6,1656.2,1662.1,1656.2,0.21K,0.0017
1900,2012-12-26,1659.8,1654.5,1666.7,1654.5,0.07K,0.0007
1901,2012-12-24,1658.6,1657.7,1663.8,1654.9,0.07K,-0.0003
1902,2012-12-21,1659.1,1648.0,1656.7,1635.8,0.08K,0.0086
1903,2012-12-20,1644.9,1667.9,1671.0,1637.6,0.16K,-0.013
1904,2012-12-19,1666.5,1675.3,1676.0,1664.6,0.08K,-0.0018
1905,2012-12-18,1669.5,1701.4,1702.8,1661.0,0.50K,-0.0162
1906,2012-12-17,1697.0,1690.5,1698.5,1689.5,0.07K,0.0007
1907,2012-12-14,1695.8,1698.3,1699.2,1694.4,0.07K,0.0001
1908,2012-12-13,1695.6,1707.2,1707.2,1689.9,0.24K,-0.0122
1909,2012-12-12,1716.6,1710.1,1722.3,1708.0,0.20K,0.0049
1910,2012-12-11,1708.2,1710.0,1714.1,1705.9,0.09K,-0.0028
1911,2012-12-10,1713.0,1704.2,1717.0,1704.2,0.09K,0.0053
1912,2012-12-07,1704.0,1701.2,1704.5,1684.0,0.17K,0.0022
1913,2012-12-06,1700.3,1694.3,1702.1,1686.4,0.53K,0.0047
1914,2012-12-05,1692.4,1697.1,1706.0,1685.0,1.26K,-0.0012
1915,2012-12-04,1694.4,1716.3,1716.8,1691.6,1.43K,-0.0147
1916,2012-12-03,1719.6,1714.9,1721.9,1714.5,1.24K,0.0051
1917,2012-11-30,1710.9,1725.2,1731.2,1708.4,3.69K,-0.0094
1918,2012-11-29,1727.2,1719.6,1729.0,1717.7,65.60K,0.0062
1919,2012-11-28,1716.5,1739.8,1739.8,1716.3,0.01K,-0.0148
1920,2012-11-27,1742.2,1746.4,1746.4,1745.2,0.01K,-0.0042
1921,2012-11-26,1749.5,1750.3,1750.5,1749.4,0.02K,-0.001
1922,2012-11-23,1751.3,1735.0,1735.0,1735.0,0.01K,0.0135
1923,2012-11-21,1727.9,1725.8,1725.8,1725.8,0.02K,0.0027
1924,2012-11-20,1723.2,1730.6,1731.1,1722.5,0.02K,-0.0062
1925,2012-11-19,1734.0,1721.8,1731.0,1721.8,0.00K,0.0115
1926,2012-11-16,1714.3,1710.0,1713.8,1706.9,0.02K,0.0006
1927,2012-11-15,1713.3,1724.9,1724.9,1706.3,0.01K,-0.0094
1928,2012-11-14,1729.5,1722.0,1727.7,1722.0,0.01K,0.0031
1929,2012-11-13,1724.2,1721.6,1728.2,1718.5,0.01K,-0.0035
1930,2012-11-12,1730.3,1733.2,1734.9,1733.2,0.01K,0.0
1931,2012-11-09,1730.3,1733.7,1734.1,1727.6,0.01K,0.0028
1932,2012-11-08,1725.4,1715.9,1729.6,1714.2,0.03K,0.0071
1933,2012-11-07,1713.2,1707.7,1726.5,1703.7,0.04K,-0.0005
1934,2012-11-06,1714.1,1690.1,1718.0,1690.1,0.05K,0.019
1935,2012-11-05,1682.2,1682.8,1683.1,1674.3,0.01K,0.0048
1936,2012-11-02,1674.1,1711.3,1711.3,1674.3,0.05K,-0.0233
1937,2012-11-01,1714.1,1722.3,1725.1,1714.9,0.02K,-0.002
1938,2012-10-31,1717.5,1714.4,1724.5,1714.4,0.06K,0.0041
1939,2012-10-30,1710.5,1709.1,1714.4,1709.0,0.37K,0.0016
1940,2012-10-29,1707.7,1712.0,1712.0,1707.0,0.01K,-0.0019
1941,2012-10-26,1710.9,1706.1,1716.2,1706.1,0.08K,-0.0006
1942,2012-10-25,1712.0,1711.7,1716.7,1711.7,0.03K,0.0068
1943,2012-10-24,1700.5,1708.4,1708.5,1698.6,0.03K,-0.0046
1944,2012-10-23,1708.3,1726.6,1728.5,1708.4,0.08K,-0.0097
1945,2012-10-22,1725.1,1715.0,1728.3,1715.0,0.01K,0.0013
1946,2012-10-19,1722.8,1741.1,1741.1,1721.0,0.07K,-0.0118
1947,2012-10-18,1743.3,1749.1,1749.1,1740.5,0.03K,-0.0047
1948,2012-10-17,1751.5,1749.4,1750.7,1746.0,0.04K,0.0039
1949,2012-10-16,1744.7,1736.7,1744.4,1736.6,0.02K,0.005
1950,2012-10-15,1736.0,1750.0,1750.0,1729.9,0.11K,-0.0125
1951,2012-10-12,1758.0,1769.5,1769.5,1753.6,0.08K,-0.0061
1952,2012-10-11,1768.8,1761.6,1771.0,1761.6,0.03K,0.0032
1953,2012-10-10,1763.2,1762.4,1764.2,1758.1,0.03K,0.0001
1954,2012-10-09,1763.0,1776.7,1776.7,1762.3,0.02K,-0.0059
1955,2012-10-08,1773.5,1778.0,1778.0,1766.8,0.03K,-0.0029
1956,2012-10-05,1778.6,1792.2,1792.2,1776.6,0.26K,-0.0086
1957,2012-10-04,1794.1,1783.5,1794.8,1783.5,0.20K,0.0095
1958,2012-10-03,1777.3,1772.2,1779.9,1771.9,0.13K,0.0026
1959,2012-10-02,1772.7,1777.9,1779.3,1773.1,0.09K,-0.0044
1960,2012-10-01,1780.5,1766.0,1791.0,1763.3,0.82K,0.0053
1961,2012-09-28,1771.1,1776.8,1782.2,1767.5,2.84K,-0.0037
1962,2012-09-27,1777.6,1752.6,1780.2,1750.7,6.99K,0.0154
1963,2012-09-26,1750.6,1762.8,1764.2,1737.6,0.01K,-0.0075
1964,2012-09-25,1763.8,1772.6,1772.7,1772.6,0.01K,0.001
1965,2012-09-24,1762.1,1762.1,1762.1,1762.1,0.00K,-0.0075
1966,2012-09-21,1775.5,1785.3,1785.3,1772.3,0.01K,0.0044
1967,2012-09-20,1767.7,1769.1,1771.3,1759.7,0.02K,-0.0007
1968,2012-09-19,1769.0,1776.0,1778.5,1768.0,0.03K,0.0003
1969,2012-09-18,1768.4,1766.3,1766.4,1766.3,0.01K,0.0004
1970,2012-09-17,1767.7,1774.8,1774.8,1753.8,0.05K,-0.0012
1971,2012-09-14,1769.8,1771.0,1774.5,1766.0,0.03K,0.0004
1972,2012-09-13,1769.1,1728.7,1767.5,1728.7,0.03K,0.0222
1973,2012-09-12,1730.6,1742.2,1742.3,1730.5,0.02K,-0.0007
1974,2012-09-11,1731.8,1736.0,1736.0,1735.8,0.00K,0.0018
1975,2012-09-10,1728.7,1733.1,1733.5,1727.2,0.01K,-0.0051
1976,2012-09-07,1737.5,1696.7,1738.2,1696.7,0.11K,0.0205
1977,2012-09-06,1702.6,1696.4,1712.4,1696.4,0.04K,0.006999999999999999
1978,2012-09-05,1690.8,1690.4,1693.3,1690.4,0.08K,-0.0012
1979,2012-09-04,1692.9,1689.1,1698.0,1687.7,0.04K,0.0049
1980,2012-08-31,1684.6,1658.6,1690.0,1646.2,0.06K,0.0188
1981,2012-08-30,1653.5,1655.4,1662.0,1650.7,0.42K,-0.0038
1982,2012-08-29,1659.8,1667.2,1667.3,1665.2,0.04K,-0.004
1983,2012-08-28,1666.5,1659.9,1671.0,1659.2,0.05K,-0.0035
1984,2012-08-27,1672.4,1674.9,1675.4,1663.9,0.04K,0.0016
1985,2012-08-24,1669.8,1665.8,1669.6,1662.2,0.02K,0.0001
1986,2012-08-23,1669.6,1659.9,1672.7,1658.0,0.14K,0.0197
1987,2012-08-22,1637.4,1638.4,1653.1,1635.0,0.04K,-0.0015
1988,2012-08-21,1639.9,1620.0,1639.0,1620.0,0.26K,0.0122
1989,2012-08-20,1620.1,1614.0,1621.4,1611.6,0.07K,0.0024
1990,2012-08-17,1616.3,1617.8,1617.8,1611.4,0.25K,0.0001
1991,2012-08-16,1616.1,1600.2,1615.7,1600.2,0.20K,0.0077
1992,2012-08-15,1603.7,1593.8,1604.6,1592.0,0.28K,0.0027
1993,2012-08-14,1599.4,1612.8,1615.6,1591.2,0.91K,-0.0063
1994,2012-08-13,1609.6,1622.0,1623.7,1607.3,0.40K,-0.0062
1995,2012-08-10,1619.7,1615.8,1624.1,1605.0,1.22K,0.0016
1996,2012-08-09,1617.1,1612.8,1617.1,1610.1,0.43K,0.0026
1997,2012-08-08,1612.9,1610.2,1614.8,1603.0,0.34K,0.002
1998,2012-08-07,1609.7,1610.8,1615.7,1609.0,0.45K,-0.002
1999,2012-08-06,1612.9,1604.7,1614.1,1603.2,0.66K,0.0043
2000,2012-08-03,1606.0,1589.3,1605.7,1585.1,0.68K,0.0117
2001,2012-08-02,1587.4,1600.0,1615.0,1583.1,0.93K,-0.0102
2002,2012-08-01,1603.7,1613.4,1617.6,1592.0,3.53K,-0.0042
2003,2012-07-31,1610.5,1621.1,1627.5,1610.0,6.28K,-0.0057
2004,2012-07-30,1619.7,1622.9,1625.8,1613.1,52.89K,0.0011
2005,2012-07-27,1617.9,1613.4,1613.4,1613.4,0.06K,0.0018
2006,2012-07-26,1615.0,1614.9,1614.9,1614.1,0.01K,0.0044
2007,2012-07-25,1608.0,1583.7,1603.9,1583.3,0.01K,0.0203
2008,2012-07-24,1576.0,1574.0,1581.9,1574.0,0.01K,-0.0007
2009,2012-07-23,1577.1,1571.7,1572.0,1569.8,0.00K,-0.0034
2010,2012-07-20,1582.5,1583.9,1584.4,1576.1,0.01K,0.0015
2011,2012-07-19,1580.1,1580.0,1586.9,1578.4,0.06K,0.0062
2012,2012-07-18,1570.4,1581.2,1583.7,1569.9,0.03K,-0.0118
2013,2012-07-17,1589.1,1596.0,1596.0,1576.3,0.03K,-0.0013
2014,2012-07-16,1591.2,1586.2,1589.7,1585.8,0.01K,-0.0003
2015,2012-07-13,1591.6,1567.8,1594.1,1567.8,0.03K,0.0171
2016,2012-07-12,1564.9,1569.3,1574.7,1557.2,0.04K,-0.0065
2017,2012-07-11,1575.2,1577.4,1579.5,1575.3,0.01K,-0.0026
2018,2012-07-10,1579.3,1599.2,1599.8,1567.6,0.01K,-0.0059
2019,2012-07-09,1588.6,1582.1,1582.1,1580.9,0.01K,0.0065
2020,2012-07-06,1578.4,1592.3,1593.8,1587.0,0.02K,-0.019
2021,2012-07-05,1608.9,1618.5,1619.2,1598.0,0.03K,-0.0076
2022,2012-07-03,1621.3,1603.8,1624.0,1603.8,0.04K,0.0151
2023,2012-07-02,1597.2,1597.1,1598.3,1589.7,0.04K,-0.0039
2024,2012-06-29,1603.5,1562.6,1600.4,1561.9,0.06K,0.0347
2025,2012-06-28,1549.7,1573.7,1573.7,1548.4,0.13K,-0.0176
2026,2012-06-27,1577.5,1567.0,1571.6,1563.0,0.05K,0.0022
2027,2012-06-26,1574.0,1583.5,1583.5,1567.7,0.10K,-0.0085
2028,2012-06-25,1587.5,1574.9,1587.3,1571.0,0.03K,0.0137
2029,2012-06-22,1566.0,1565.5,1569.3,1560.0,0.02K,0.001
2030,2012-06-21,1564.5,1603.2,1603.3,1565.5,0.03K,-0.0311
2031,2012-06-20,1614.8,1618.3,1618.3,1598.6,0.14K,-0.0046
2032,2012-06-19,1622.2,1629.8,1630.7,1622.0,0.03K,-0.0022
2033,2012-06-18,1625.7,1622.6,1627.6,1615.0,0.25K,-0.0008
2034,2012-06-15,1627.0,1624.3,1630.0,1621.5,1.02K,0.0053
2035,2012-06-14,1618.4,1621.2,1626.4,1610.1,0.49K,0.0002
2036,2012-06-13,1618.1,1608.2,1622.4,1608.2,0.66K,0.0033
2037,2012-06-12,1612.7,1594.1,1612.8,1588.5,0.52K,0.0108
2038,2012-06-11,1595.5,1608.0,1608.0,1583.0,0.13K,0.0034
2039,2012-06-08,1590.1,1589.9,1593.9,1566.5,0.16K,0.0022
2040,2012-06-07,1586.6,1622.6,1627.2,1581.9,1.20K,-0.0283
2041,2012-06-06,1632.8,1619.7,1639.7,1616.5,0.42K,0.0109
2042,2012-06-05,1615.2,1619.3,1622.7,1612.9,0.60K,0.0019
2043,2012-06-04,1612.2,1623.0,1627.9,1609.0,2.13K,-0.0051
2044,2012-06-01,1620.5,1560.0,1630.0,1545.5,2.82K,0.0371
2045,2012-05-31,1562.6,1562.7,1572.6,1551.8,5.90K,-0.0005
2046,2012-05-30,1563.4,1553.9,1569.0,1530.4,79.89K,0.0096
2047,2012-05-29,1548.6,1574.7,1582.5,1574.7,0.01K,-0.0129
2048,2012-05-25,1568.8,1558.2,1568.0,1557.3,0.01K,0.0074
2049,2012-05-24,1557.3,1559.0,1569.4,1551.5,0.02K,0.0059
2050,2012-05-23,1548.1,1538.2,1538.2,1534.4,0.01K,-0.0179
2051,2012-05-22,1576.3,1575.7,1591.1,1568.4,0.03K,-0.0076
2052,2012-05-21,1588.4,1591.9,1594.1,1591.9,0.03K,-0.002
2053,2012-05-18,1591.6,1573.7,1590.8,1568.2,0.03K,0.0109
2054,2012-05-17,1574.5,1546.9,1579.0,1546.9,0.05K,0.0249
2055,2012-05-16,1536.2,1541.4,1541.4,1528.5,0.03K,-0.0132
2056,2012-05-15,1556.8,1555.4,1558.3,1542.4,0.03K,-0.0024
2057,2012-05-14,1560.6,1563.0,1563.1,1555.5,0.01K,-0.0145
2058,2012-05-11,1583.6,1586.1,1589.6,1586.1,0.01K,-0.0072
2059,2012-05-10,1595.1,1594.2,1594.4,1592.4,0.01K,0.0009
2060,2012-05-09,1593.7,1595.3,1595.3,1586.3,0.03K,-0.0064
2061,2012-05-08,1604.0,1636.7,1636.7,1596.0,0.15K,-0.0211
2062,2012-05-07,1638.6,1637.9,1640.0,1632.6,0.02K,-0.0037
2063,2012-05-04,1644.7,1635.7,1645.6,1629.4,0.07K,0.0064
2064,2012-05-03,1634.2,1651.2,1652.2,1631.3,0.08K,-0.0116
2065,2012-05-02,1653.4,1659.2,1659.2,1648.3,0.05K,-0.005
2066,2012-05-01,1661.7,1665.0,1670.5,1661.7,0.03K,-0.001
2067,2012-04-30,1663.4,1663.0,1665.7,1653.0,0.04K,-0.0004
2068,2012-04-27,1664.0,1654.5,1666.9,1654.0,0.24K,0.0027
2069,2012-04-26,1659.6,1658.3,1658.7,1658.3,0.09K,0.0111
2070,2012-04-25,1641.4,1641.3,1643.8,1626.9,0.08K,-0.001
2071,2012-04-24,1643.0,1634.4,1648.6,1634.4,0.12K,0.0068
2072,2012-04-23,1631.9,1642.4,1642.4,1625.1,0.23K,-0.0062
2073,2012-04-20,1642.1,1641.7,1645.6,1640.9,0.05K,0.0009
2074,2012-04-19,1640.6,1642.1,1653.1,1632.0,0.08K,0.0011
2075,2012-04-18,1638.8,1653.2,1653.3,1638.1,0.27K,-0.006999999999999999
2076,2012-04-17,1650.3,1652.0,1653.0,1637.0,0.07K,0.001
2077,2012-04-16,1648.7,1650.8,1656.8,1641.2,0.72K,-0.0063
2078,2012-04-13,1659.1,1673.3,1674.8,1650.0,0.22K,-0.0121
2079,2012-04-12,1679.5,1660.0,1680.1,1650.0,1.31K,0.0124
2080,2012-04-11,1659.0,1654.8,1659.7,1654.7,0.43K,-0.0003
2081,2012-04-10,1659.5,1649.0,1661.7,1636.2,0.35K,0.0104
2082,2012-04-09,1642.5,1645.3,1646.4,1636.5,0.16K,0.0086
2083,2012-04-05,1628.5,1620.8,1633.2,1620.4,0.29K,0.01
2084,2012-04-04,1612.3,1646.5,1647.0,1613.0,1.12K,-0.0346
2085,2012-04-03,1670.0,1677.6,1679.5,1638.7,1.17K,-0.0045
2086,2012-04-02,1677.5,1670.4,1682.8,1662.0,2.53K,0.0049
2087,2012-03-30,1669.3,1660.6,1670.0,1659.0,9.83K,0.0103
2088,2012-03-29,1652.2,1661.8,1664.5,1644.3,47.34K,-0.0034
2089,2012-03-28,1657.9,1670.1,1670.1,1665.0,0.02K,-0.016
2090,2012-03-27,1684.8,1687.8,1690.8,1684.4,0.10K,-0.0004
2091,2012-03-26,1685.5,1665.0,1692.9,1657.8,0.08K,0.014
2092,2012-03-23,1662.3,1652.5,1665.1,1646.3,0.08K,0.0122
2093,2012-03-22,1642.3,1648.0,1649.4,1633.8,0.32K,-0.0047
2094,2012-03-21,1650.0,1657.8,1660.0,1646.1,0.55K,0.002
2095,2012-03-20,1646.7,1648.1,1652.3,1642.0,0.25K,-0.0121
2096,2012-03-19,1666.9,1661.2,1668.0,1652.1,0.46K,0.0069
2097,2012-03-16,1655.5,1660.0,1663.4,1641.3,0.32K,-0.0022
2098,2012-03-15,1659.1,1646.3,1660.2,1640.0,0.41K,0.0101
2099,2012-03-14,1642.5,1676.9,1681.0,1637.4,0.20K,-0.0302
2100,2012-03-13,1693.7,1698.4,1701.7,1685.1,0.05K,-0.0032
2101,2012-03-12,1699.2,1708.1,1708.1,1694.9,0.10K,-0.0068
2102,2012-03-09,1710.9,1698.8,1706.0,1680.7,0.07K,0.0075
2103,2012-03-08,1698.1,1686.4,1702.4,1686.4,0.30K,0.0088
2104,2012-03-07,1683.3,1676.0,1684.0,1673.1,0.04K,0.0071
2105,2012-03-06,1671.4,1708.7,1708.7,1666.0,0.18K,-0.0186
2106,2012-03-05,1703.0,1705.5,1709.5,1695.4,0.42K,-0.0034
2107,2012-03-02,1708.8,1723.0,1723.0,1705.2,0.14K,-0.0071
2108,2012-03-01,1721.1,1698.6,1724.6,1698.6,0.21K,0.0066
2109,2012-02-29,1709.9,1789.9,1790.4,1669.0,0.36K,-0.0431
2110,2012-02-28,1787.0,1767.9,1789.4,1767.9,0.31K,0.0076
2111,2012-02-27,1773.6,1773.6,1775.6,1768.1,0.15K,-0.0008
2112,2012-02-24,1775.1,1778.5,1780.7,1771.3,0.13K,-0.0055
2113,2012-02-23,1784.9,1774.0,1786.0,1773.0,0.30K,0.0084
2114,2012-02-22,1770.0,1758.7,1781.9,1750.0,0.16K,0.0073
2115,2012-02-21,1757.1,1736.1,1760.0,1733.6,0.12K,0.0189
2116,2012-02-17,1724.5,1733.6,1735.1,1718.8,0.08K,-0.0013
2117,2012-02-16,1726.8,1718.4,1728.4,1707.0,0.04K,0.0003
2118,2012-02-15,1726.3,1723.6,1737.0,1723.6,0.11K,0.0061
2119,2012-02-14,1715.9,1720.0,1724.9,1715.0,0.09K,-0.0041
2120,2012-02-13,1723.0,1725.0,1733.0,1718.4,0.10K,-0.0002
2121,2012-02-10,1723.3,1732.7,1734.4,1706.4,0.25K,-0.009000000000000001
2122,2012-02-09,1739.0,1731.4,1749.7,1726.1,0.12K,0.0056
2123,2012-02-08,1729.3,1744.0,1751.5,1728.2,0.96K,-0.0098
2124,2012-02-07,1746.4,1722.0,1748.0,1713.2,0.27K,0.0137
2125,2012-02-06,1722.8,1728.0,1738.3,1713.3,0.73K,-0.0087
2126,2012-02-03,1737.9,1758.7,1761.3,1724.5,0.54K,-0.0108
2127,2012-02-02,1756.8,1745.1,1761.1,1742.9,2.06K,0.0056
2128,2012-02-01,1747.1,1738.2,1751.1,1734.0,2.03K,0.0054
2129,2012-01-31,1737.8,1731.7,1747.7,1725.0,7.54K,0.0039
2130,2012-01-30,1731.0,1737.2,1739.9,1715.7,53.43K,-0.0005
2131,2012-01-27,1731.8,1727.0,1734.1,1724.4,0.01K,0.0032
2132,2012-01-26,1726.3,1729.0,1729.0,1721.0,0.02K,0.0156
2133,2012-01-25,1699.8,1673.0,1706.2,1658.3,0.24K,0.0214
2134,2012-01-24,1664.2,1666.9,1668.2,1664.4,0.01K,-0.0082
2135,2012-01-23,1678.0,1676.9,1680.0,1669.9,0.01K,0.0086
2136,2012-01-20,1663.7,1652.8,1664.3,1652.8,0.01K,0.0058
2137,2012-01-19,1654.1,1663.0,1664.4,1653.5,0.06K,-0.0033
2138,2012-01-18,1659.5,1654.0,1660.3,1654.0,0.01K,0.0026
2139,2012-01-17,1655.2,1643.7,1657.8,1642.1,0.02K,0.0152
2140,2012-01-13,1630.4,1638.9,1643.4,1632.4,0.37K,-0.0103
2141,2012-01-12,1647.3,1645.2,1656.1,1645.2,0.08K,0.0049
2142,2012-01-11,1639.2,1634.8,1645.4,1633.8,0.07K,0.005
2143,2012-01-10,1631.0,1619.9,1639.0,1619.9,0.05K,0.0146
2144,2012-01-09,1607.5,1614.3,1620.1,1607.8,0.01K,-0.0053
2145,2012-01-06,1616.1,1622.5,1627.8,1618.6,0.02K,-0.002
2146,2012-01-05,1619.4,1610.8,1624.1,1597.8,0.36K,0.0047
2147,2012-01-04,1611.9,1596.6,1618.6,1594.5,0.17K,0.0076
2148,2012-01-03,1599.7,1568.9,1604.3,1566.0,0.23K,0.0217
2149,2011-12-30,1565.8,1549.4,1579.5,1547.9,0.29K,0.0168
2150,2011-12-29,1539.9,1559.3,1559.3,1525.0,0.87K,-0.0147
2151,2011-12-28,1562.9,1584.9,1588.6,1561.3,0.05K,-0.0196
2152,2011-12-27,1594.2,1599.0,1599.0,1592.6,0.05K,-0.0065
2153,2011-12-23,1604.7,1612.0,1612.8,1605.8,0.06K,-0.0026
2154,2011-12-22,1608.9,1608.8,1610.0,1601.9,0.60K,-0.0019
2155,2011-12-21,1611.9,1615.6,1635.0,1608.3,0.04K,-0.0023
2156,2011-12-20,1615.6,1596.4,1617.0,1596.4,0.22K,0.0133
2157,2011-12-19,1594.4,1596.4,1603.4,1589.7,0.09K,-0.0008
2158,2011-12-16,1595.6,1587.4,1595.9,1586.0,0.06K,0.0133
2159,2011-12-15,1574.6,1571.4,1592.8,1565.6,0.59K,-0.0061
2160,2011-12-14,1584.3,1636.5,1639.5,1565.8,0.89K,-0.0455
2161,2011-12-13,1659.9,1654.7,1671.8,1628.0,0.27K,-0.0026
2162,2011-12-12,1664.2,1707.5,1708.2,1658.5,0.89K,-0.0284
2163,2011-12-09,1712.8,1713.3,1720.7,1705.7,0.57K,0.0018
2164,2011-12-08,1709.8,1742.0,1752.3,1705.4,0.94K,-0.0179
2165,2011-12-07,1740.9,1730.6,1741.9,1720.0,0.30K,0.0075
2166,2011-12-06,1727.9,1722.1,1731.8,1703.0,0.65K,-0.0016
2167,2011-12-05,1730.7,1748.9,1752.6,1718.7,0.76K,-0.0093
2168,2011-12-02,1747.0,1744.8,1762.9,1741.6,1.07K,0.0067
2169,2011-12-01,1735.3,1747.0,1753.3,1734.5,1.35K,-0.0058
2170,2011-11-30,1745.5,1714.0,1749.2,1699.9,15.46K,0.0187
2171,2011-11-29,1713.4,1711.3,1718.4,1704.0,64.79K,0.0015
2172,2011-11-28,1710.8,1710.8,1710.8,1710.8,-,0.015
2173,2011-11-25,1685.5,1690.1,1693.5,1675.3,0.03K,-0.006
2174,2011-11-23,1695.7,1691.2,1700.0,1681.6,0.03K,-0.0038
2175,2011-11-22,1702.2,1675.4,1679.8,1675.4,0.01K,0.0142
2176,2011-11-21,1678.3,1704.6,1704.6,1674.4,0.01K,-0.0269
2177,2011-11-18,1724.7,1725.0,1736.0,1719.0,0.01K,0.0028
2178,2011-11-17,1719.8,1755.3,1755.3,1714.0,0.05K,-0.0304
2179,2011-11-16,1773.8,1777.5,1777.5,1757.7,0.07K,-0.0044
2180,2011-11-15,1781.7,1779.2,1783.1,1761.3,0.02K,0.0022
2181,2011-11-14,1777.8,1779.0,1779.0,1779.0,0.02K,-0.0054
2182,2011-11-11,1787.5,1777.0,1789.5,1777.0,0.03K,0.0163
2183,2011-11-10,1758.9,1766.8,1766.8,1754.8,0.02K,-0.0179
2184,2011-11-09,1790.9,1793.0,1793.0,1774.2,0.01K,-0.0042
2185,2011-11-08,1798.4,1785.7,1785.7,1785.7,0.01K,0.0045
2186,2011-11-07,1790.3,1771.5,1797.0,1768.7,0.04K,0.0199
2187,2011-11-04,1755.3,1757.0,1761.2,1754.9,0.05K,-0.005
2188,2011-11-03,1764.2,1740.5,1766.0,1726.6,0.29K,0.0205
2189,2011-11-02,1728.7,1724.3,1741.4,1723.2,0.29K,0.0103
2190,2011-11-01,1711.0,1706.7,1720.1,1682.5,0.25K,-0.0077
2191,2011-10-31,1724.2,1741.9,1741.9,1716.0,0.06K,-0.0126
2192,2011-10-28,1746.2,1752.0,1752.0,1733.0,0.16K,-0.0003
2193,2011-10-27,1746.7,1717.8,1735.5,1717.8,0.02K,0.0139
2194,2011-10-26,1722.7,1717.0,1723.6,1708.9,0.14K,0.0136
2195,2011-10-25,1699.6,1645.0,1706.8,1645.0,0.36K,0.0291
2196,2011-10-24,1651.5,1646.2,1657.8,1638.8,0.31K,0.01
2197,2011-10-21,1635.1,1626.1,1647.4,1626.1,0.03K,0.0144
2198,2011-10-20,1611.9,1643.2,1643.8,1608.7,0.09K,-0.0207
2199,2011-10-19,1646.0,1659.3,1659.3,1641.0,0.02K,-0.0035
2200,2011-10-18,1651.7,1666.0,1666.0,1627.5,0.09K,-0.0142
2201,2011-10-17,1675.5,1683.6,1693.5,1667.3,0.04K,-0.0037
2202,2011-10-14,1681.8,1665.8,1683.3,1665.8,0.05K,0.0087
2203,2011-10-13,1667.3,1676.1,1678.8,1656.2,0.15K,-0.0083
2204,2011-10-12,1681.3,1667.1,1691.0,1665.9,0.04K,0.013
2205,2011-10-11,1659.7,1685.0,1685.0,1657.6,0.15K,-0.0059
2206,2011-10-10,1669.6,1645.6,1676.8,1645.6,0.06K,0.0215
2207,2011-10-07,1634.5,1657.0,1665.0,1626.2,0.07K,-0.0105
2208,2011-10-06,1651.9,1642.6,1654.7,1637.6,0.04K,0.0071
2209,2011-10-05,1640.3,1629.3,1644.7,1599.6,0.11K,0.0159
2210,2011-10-04,1614.7,1661.0,1678.1,1596.6,0.16K,-0.0249
2211,2011-10-03,1656.0,1627.8,1660.8,1627.6,0.10K,0.022
2212,2011-09-30,1620.4,1620.8,1639.4,1609.4,0.28K,0.003
2213,2011-09-29,1615.5,1604.0,1633.8,1585.0,7.18K,-0.0005
2214,2011-09-28,1616.3,1650.0,1650.0,1650.0,0.04K,-0.0208
2215,2011-09-27,1650.6,1653.8,1665.4,1653.7,0.05K,0.0365
2216,2011-09-26,1592.5,1646.4,1661.8,1562.4,0.15K,-0.0275
2217,2011-09-23,1637.5,1737.3,1737.3,1636.3,0.08K,-0.0585
2218,2011-09-22,1739.2,1773.2,1773.2,1730.9,0.02K,-0.0367
2219,2011-09-21,1805.5,1808.0,1812.0,1782.8,0.02K,-0.0006
2220,2011-09-20,1806.6,1778.8,1807.8,1776.0,0.09K,0.017
2221,2011-09-19,1776.4,1814.7,1818.9,1781.8,0.01K,-0.0197
2222,2011-09-16,1812.1,1768.5,1819.1,1768.5,0.11K,0.0189
2223,2011-09-15,1778.5,1816.3,1816.3,1775.8,0.08K,-0.0247
2224,2011-09-14,1823.5,1843.0,1843.0,1809.0,0.16K,-0.0018
2225,2011-09-13,1826.8,1817.8,1835.3,1808.1,0.05K,0.0093
2226,2011-09-12,1809.9,1852.4,1852.4,1806.0,0.25K,-0.025
2227,2011-09-09,1856.4,1858.1,1881.3,1830.0,0.19K,0.0011
2228,2011-09-08,1854.4,1839.3,1870.0,1835.0,0.14K,0.0222
2229,2011-09-07,1814.2,1868.9,1873.7,1792.8,0.47K,-0.0298
2230,2011-09-06,1869.9,1886.3,1911.6,1864.0,0.54K,-0.002
2231,2011-09-02,1873.7,1828.6,1884.2,1828.6,0.44K,0.0261
2232,2011-09-01,1826.0,1825.8,1829.5,1814.1,0.26K,-0.0014
2233,2011-08-31,1828.5,1830.6,1837.9,1811.4,0.34K,0.001
2234,2011-08-30,1826.7,1787.2,1839.6,1783.1,0.60K,0.0214
2235,2011-08-29,1788.4,1817.9,1817.9,1786.7,0.04K,-0.0032
2236,2011-08-26,1794.1,1768.5,1829.3,1768.5,0.27K,0.0195
2237,2011-08-25,1759.8,1748.4,1772.5,1707.3,0.86K,0.0032
2238,2011-08-24,1754.1,1833.0,1853.1,1753.1,0.99K,-0.0561
2239,2011-08-23,1858.3,1909.0,1909.3,1824.6,0.46K,-0.0161
2240,2011-08-22,1888.7,1868.6,1895.0,1858.4,1.11K,0.0215
2241,2011-08-19,1848.9,1823.7,1874.4,1823.7,0.33K,0.0165
2242,2011-08-18,1818.9,1786.5,1828.5,1785.5,0.87K,0.0155
2243,2011-08-17,1791.2,1784.8,1794.3,1782.0,0.23K,0.0049
2244,2011-08-16,1782.4,1769.0,1787.3,1761.6,0.28K,0.0153
2245,2011-08-15,1755.5,1734.9,1765.2,1730.5,0.98K,0.0088
2246,2011-08-12,1740.2,1760.6,1764.2,1723.8,1.17K,-0.0049
2247,2011-08-11,1748.8,1795.1,1813.5,1733.0,1.50K,-0.0182
2248,2011-08-10,1781.3,1744.0,1795.6,1741.3,0.97K,0.0237
2249,2011-08-09,1740.0,1722.5,1779.0,1720.1,1.86K,0.0174
2250,2011-08-08,1710.2,1679.1,1720.0,1678.1,1.89K,0.0372
2251,2011-08-05,1648.8,1647.5,1666.1,1642.6,0.83K,-0.0045
2252,2011-08-04,1656.2,1660.5,1681.8,1640.0,1.95K,-0.0043
2253,2011-08-03,1663.4,1659.9,1672.3,1651.6,2.02K,0.0131
2254,2011-08-02,1641.9,1619.3,1660.6,1616.8,2.44K,0.0141
2255,2011-08-01,1619.0,1623.0,1631.8,1607.0,2.89K,-0.0057
2256,2011-07-29,1628.3,1617.1,1634.9,1610.6,6.76K,0.0092
2257,2011-07-28,1613.4,1614.2,1620.6,1602.8,70.26K,-0.001
2258,2011-07-27,1615.0,1619.7,1622.5,1617.0,0.02K,-0.001
2259,2011-07-26,1616.6,1609.8,1618.5,1609.8,0.03K,0.0029
2260,2011-07-25,1612.0,1610.0,1619.4,1610.0,0.07K,0.0067
2261,2011-07-22,1601.3,1588.5,1606.5,1588.5,0.01K,0.0091
2262,2011-07-21,1586.8,1598.0,1601.6,1586.6,0.02K,-0.0062
2263,2011-07-20,1596.7,1584.3,1596.5,1582.4,0.01K,-0.0026
2264,2011-07-19,1600.9,1608.1,1608.8,1583.3,0.06K,-0.0007
2265,2011-07-18,1602.1,1592.8,1605.0,1592.8,0.01K,0.0077
2266,2011-07-15,1589.8,1582.3,1592.2,1582.3,0.01K,0.0005
2267,2011-07-14,1589.0,1586.3,1592.8,1583.6,0.02K,0.0024
2268,2011-07-13,1585.2,1574.0,1585.6,1570.8,0.03K,0.0149
2269,2011-07-12,1561.9,1548.2,1565.0,1542.0,0.01K,0.0085
2270,2011-07-11,1548.8,1550.0,1555.2,1543.1,0.01K,0.0049
2271,2011-07-08,1541.2,1527.0,1542.6,1526.6,0.00K,0.0072
2272,2011-07-07,1530.2,1529.1,1533.1,1522.7,0.06K,0.001
2273,2011-07-06,1528.7,1513.7,1532.8,1510.3,0.07K,0.0108
2274,2011-07-05,1512.3,1490.4,1515.0,1490.3,0.20K,0.0202
2275,2011-07-01,1482.3,1502.2,1502.2,1480.0,0.07K,-0.0133
2276,2011-06-30,1502.3,1511.5,1514.0,1498.8,0.07K,-0.005
2277,2011-06-29,1509.9,1504.1,1512.2,1504.1,0.40K,0.0068
2278,2011-06-28,1499.7,1499.9,1505.0,1496.1,0.17K,0.0025
2279,2011-06-27,1496.0,1503.5,1503.5,1490.7,0.14K,-0.003
2280,2011-06-24,1500.5,1524.7,1525.0,1498.5,0.26K,-0.0129
2281,2011-06-23,1520.1,1547.2,1547.2,1514.7,0.30K,-0.0211
2282,2011-06-22,1552.9,1547.2,1558.5,1544.4,0.22K,0.0045
2283,2011-06-21,1546.0,1540.1,1547.5,1540.0,0.13K,0.0029
2284,2011-06-20,1541.5,1536.0,1545.7,1535.2,0.10K,0.0019
2285,2011-06-17,1538.6,1523.0,1541.6,1523.0,0.07K,0.0061
2286,2011-06-16,1529.3,1526.0,1531.2,1522.0,0.16K,0.0024
2287,2011-06-15,1525.6,1525.0,1533.4,1515.0,0.65K,0.0012
2288,2011-06-14,1523.8,1517.2,1526.2,1513.1,0.31K,0.0058
2289,2011-06-13,1515.0,1528.1,1533.0,1511.3,0.85K,-0.0089
2290,2011-06-10,1528.6,1543.7,1543.9,1526.4,0.63K,-0.0088
2291,2011-06-09,1542.1,1536.1,1548.8,1534.4,0.29K,0.0026
2292,2011-06-08,1538.1,1544.2,1544.2,1531.3,0.49K,-0.0034
2293,2011-06-07,1543.3,1545.0,1549.9,1537.2,2.53K,-0.0021
2294,2011-06-06,1546.5,1542.9,1553.9,1542.0,0.69K,0.0031
2295,2011-06-03,1541.7,1534.7,1546.3,1525.0,1.75K,0.0063
2296,2011-06-02,1532.0,1541.3,1544.5,1520.0,1.65K,-0.0067
2297,2011-06-01,1542.4,1535.7,1550.6,1529.7,2.85K,0.0042
2298,2011-05-31,1535.9,1536.7,1541.1,1532.4,6.15K,-0.0003
2299,2011-05-27,1536.3,1519.4,1538.5,1518.4,76.72K,0.0089
2300,2011-05-26,1522.8,1521.2,1521.2,1519.5,0.05K,-0.0025
2301,2011-05-25,1526.6,1526.4,1527.5,1526.1,0.01K,0.0022
2302,2011-05-24,1523.2,1527.1,1527.1,1521.9,0.00K,0.0052
2303,2011-05-23,1515.3,1510.5,1513.0,1507.0,0.04K,0.0043
2304,2011-05-20,1508.8,1499.0,1513.3,1488.7,0.09K,0.0111
2305,2011-05-19,1492.2,1491.5,1491.5,1491.5,0.00K,-0.0023
2306,2011-05-18,1495.6,1496.4,1497.0,1496.3,0.08K,0.0107
2307,2011-05-17,1479.8,1489.8,1491.8,1473.0,0.04K,-0.0071
2308,2011-05-16,1490.4,1489.3,1494.9,1489.3,0.01K,-0.002
2309,2011-05-13,1493.4,1503.5,1511.3,1490.2,0.02K,-0.0088
2310,2011-05-12,1506.6,1492.1,1502.7,1484.8,0.01K,0.0037
2311,2011-05-11,1501.1,1524.0,1524.1,1495.2,0.03K,-0.0102
2312,2011-05-10,1516.6,1508.4,1516.9,1508.4,0.01K,0.0091
2313,2011-05-09,1502.9,1501.5,1512.8,1501.3,0.04K,0.0078
2314,2011-05-06,1491.2,1473.2,1494.8,1472.3,0.14K,0.006999999999999999
2315,2011-05-05,1480.9,1514.7,1520.7,1471.0,0.13K,-0.0224
2316,2011-05-04,1514.9,1535.0,1539.0,1506.2,0.27K,-0.0164
2317,2011-05-03,1540.1,1542.5,1547.0,1527.5,0.25K,-0.0107
2318,2011-05-02,1556.7,1572.9,1576.6,1543.1,0.20K,0.0004
2319,2011-04-29,1556.0,1538.7,1568.7,1537.3,0.12K,0.0165
2320,2011-04-28,1530.8,1528.6,1536.0,1526.6,0.43K,0.0093
2321,2011-04-27,1516.7,1507.1,1512.8,1505.2,0.21K,0.0091
2322,2011-04-26,1503.0,1501.5,1506.3,1495.0,0.22K,-0.0037
2323,2011-04-25,1508.6,1513.3,1518.0,1502.8,0.23K,0.0036
2324,2011-04-21,1503.2,1503.7,1508.3,1501.7,0.24K,0.0033
2325,2011-04-20,1498.3,1494.0,1505.3,1494.0,0.39K,0.0025
2326,2011-04-19,1494.5,1493.3,1499.5,1489.0,0.17K,0.0015
2327,2011-04-18,1492.3,1486.3,1497.3,1477.5,0.65K,0.0047
2328,2011-04-15,1485.3,1477.6,1487.5,1473.2,0.29K,0.0092
2329,2011-04-14,1471.7,1456.8,1476.0,1452.7,0.54K,0.0115
2330,2011-04-13,1454.9,1455.0,1462.0,1454.0,0.20K,0.0014
2331,2011-04-12,1452.9,1461.8,1467.2,1444.4,0.35K,-0.0099
2332,2011-04-11,1467.4,1476.0,1476.0,1459.7,0.38K,-0.0041
2333,2011-04-08,1473.4,1457.6,1475.5,1457.5,1.41K,0.0102
2334,2011-04-07,1458.5,1459.7,1462.7,1453.9,0.23K,0.0005
2335,2011-04-06,1457.7,1456.9,1462.3,1452.0,0.90K,0.0041
2336,2011-04-05,1451.8,1437.9,1457.6,1430.3,2.61K,0.0137
2337,2011-04-04,1432.2,1429.1,1439.1,1428.8,0.68K,0.0029
2338,2011-04-01,1428.1,1433.4,1436.5,1413.0,5.32K,-0.0075
2339,2011-03-31,1438.9,1423.3,1440.0,1420.7,8.23K,0.0106
2340,2011-03-30,1423.8,1418.7,1430.3,1412.0,47.01K,0.0055
2341,2011-03-29,1416.0,1416.0,1416.0,1416.0,-,-0.0027
2342,2011-03-28,1419.8,1413.2,1415.6,1413.2,0.01K,-0.0044
2343,2011-03-25,1426.1,1436.0,1436.0,1436.0,0.00K,-0.0061
2344,2011-03-24,1434.8,1437.7,1446.9,1437.5,0.03K,-0.0022
2345,2011-03-23,1437.9,1432.2,1439.7,1432.2,0.02K,0.0073
2346,2011-03-22,1427.5,1430.4,1430.4,1430.4,0.09K,0.0009
2347,2011-03-21,1426.2,1433.5,1433.5,1430.8,0.04K,0.0073
2348,2011-03-18,1415.9,1406.4,1419.3,1406.4,0.01K,0.0085
2349,2011-03-17,1404.0,1387.7,1393.6,1387.7,0.03K,0.0057
2350,2011-03-16,1396.0,1398.0,1404.2,1394.3,0.04K,0.0024
2351,2011-03-15,1392.6,1413.3,1413.3,1385.5,0.02K,-0.0225
2352,2011-03-14,1424.6,1420.0,1427.7,1420.0,0.06K,0.0022
2353,2011-03-11,1421.5,1413.7,1422.6,1404.9,0.02K,0.0066
2354,2011-03-10,1412.2,1429.5,1429.8,1403.8,0.02K,-0.012
2355,2011-03-09,1429.3,1430.0,1435.7,1426.1,0.10K,0.0017
2356,2011-03-08,1426.9,1431.6,1432.6,1424.3,0.20K,-0.005
2357,2011-03-07,1434.1,1434.5,1445.0,1429.5,0.61K,0.0041
2358,2011-03-04,1428.2,1418.9,1429.8,1416.8,0.06K,0.0086
2359,2011-03-03,1416.0,1432.3,1432.3,1415.9,0.24K,-0.0148
2360,2011-03-02,1437.2,1432.5,1440.5,1428.8,1.60K,0.0045
2361,2011-03-01,1430.7,1415.3,1434.4,1415.3,0.12K,0.0152
2362,2011-02-28,1409.3,1410.7,1415.7,1407.7,0.21K,0.0004
2363,2011-02-25,1408.7,1401.7,1411.0,1401.0,0.35K,-0.0047
2364,2011-02-24,1415.3,1415.1,1415.3,1408.3,0.07K,0.0013
2365,2011-02-23,1413.4,1397.8,1413.8,1397.8,0.32K,0.0092
2366,2011-02-22,1400.5,1395.1,1408.7,1395.1,0.43K,0.0089
2367,2011-02-18,1388.2,1384.1,1391.8,1381.8,0.10K,0.0025
2368,2011-02-17,1384.7,1377.7,1384.7,1377.0,0.11K,0.0073
2369,2011-02-16,1374.7,1373.6,1382.0,1370.5,0.16K,0.0008
2370,2011-02-15,1373.6,1361.6,1376.0,1361.6,0.32K,0.0066
2371,2011-02-14,1364.6,1357.8,1365.6,1356.6,0.18K,0.0035
2372,2011-02-11,1359.9,1364.0,1368.8,1355.2,0.49K,-0.0015
2373,2011-02-10,1361.9,1364.3,1364.5,1351.7,0.31K,-0.0021
2374,2011-02-09,1364.8,1362.8,1366.5,1359.6,0.15K,0.001
2375,2011-02-08,1363.4,1351.2,1367.0,1350.0,2.54K,0.0117
2376,2011-02-07,1347.6,1345.8,1353.8,1343.8,1.00K,-0.0005
2377,2011-02-04,1348.3,1354.8,1360.0,1345.0,0.59K,-0.003
2378,2011-02-03,1352.3,1335.6,1355.8,1324.9,1.87K,0.0156
2379,2011-02-02,1331.5,1344.0,1344.0,1327.0,1.36K,-0.006
2380,2011-02-01,1339.6,1333.1,1342.9,1325.3,3.18K,0.0043
2381,2011-01-31,1333.8,1339.0,1345.9,1323.3,13.66K,-0.0051
2382,2011-01-28,1340.7,1314.0,1346.6,1307.7,73.02K,0.0169
2383,2011-01-27,1318.4,1342.0,1342.0,1318.4,0.02K,-0.011
2384,2011-01-26,1333.0,1339.8,1341.7,1339.8,0.00K,0.0005
2385,2011-01-25,1332.3,1330.4,1331.5,1323.6,0.39K,-0.0091
2386,2011-01-24,1344.5,1352.3,1352.3,1341.8,0.00K,0.0026
2387,2011-01-21,1341.0,1341.7,1345.6,1338.6,0.02K,-0.0041
2388,2011-01-20,1346.5,1367.7,1367.7,1345.0,0.01K,-0.0173
2389,2011-01-19,1370.2,1371.9,1376.2,1367.0,0.04K,0.0015
2390,2011-01-18,1368.1,1365.1,1371.0,1359.2,0.11K,0.0057
2391,2011-01-14,1360.4,1375.0,1376.0,1356.7,0.25K,-0.0191
2392,2011-01-13,1386.9,1386.1,1392.5,1371.4,0.07K,0.0009
2393,2011-01-12,1385.7,1382.6,1385.5,1378.0,0.20K,0.0012
2394,2011-01-11,1384.0,1375.4,1384.5,1373.9,0.01K,0.0075
2395,2011-01-10,1373.7,1369.0,1374.0,1365.7,0.18K,0.0038
2396,2011-01-07,1368.5,1372.7,1377.2,1355.5,0.23K,-0.0021
2397,2011-01-06,1371.4,1374.8,1376.5,1368.9,0.16K,-0.0015
2398,2011-01-05,1373.4,1383.4,1384.0,1364.2,0.18K,-0.0037
2399,2011-01-04,1378.5,1409.6,1410.9,1375.8,0.12K,-0.031
2400,2011-01-03,1422.6,1415.6,1423.9,1413.7,0.03K,0.0011
2401,2010-12-31,1421.1,1405.7,1420.7,1405.7,0.05K,0.011
2402,2010-12-30,1405.6,1413.8,1413.8,1403.1,0.19K,-0.0053
2403,2010-12-29,1413.1,1403.4,1412.2,1402.9,0.04K,0.0056
2404,2010-12-28,1405.2,1389.8,1406.7,1389.8,0.52K,0.0165
2405,2010-12-27,1382.4,1373.5,1384.2,1373.5,0.32K,0.0017
2406,2010-12-23,1380.0,1388.4,1388.4,1373.7,0.10K,-0.0049
2407,2010-12-22,1386.8,1388.0,1389.5,1385.0,0.06K,-0.001
2408,2010-12-21,1388.2,1385.8,1390.0,1381.5,0.11K,0.0019
2409,2010-12-20,1385.5,1379.5,1386.7,1376.5,0.13K,0.005
2410,2010-12-17,1378.6,1376.4,1377.5,1365.9,0.10K,0.006
2411,2010-12-16,1370.4,1380.9,1385.0,1362.5,0.23K,-0.0109
2412,2010-12-15,1385.5,1394.0,1394.0,1379.5,0.22K,-0.0129
2413,2010-12-14,1403.6,1401.9,1407.6,1391.8,0.43K,0.0045
2414,2010-12-13,1397.3,1384.5,1399.2,1383.6,0.19K,0.0094
2415,2010-12-10,1384.3,1388.9,1392.0,1373.1,0.46K,-0.0056
2416,2010-12-09,1392.1,1380.6,1394.2,1380.5,0.97K,0.0069
2417,2010-12-08,1382.5,1402.5,1403.8,1372.0,1.68K,-0.0183
2418,2010-12-07,1408.3,1424.5,1431.1,1398.0,0.87K,-0.0049
2419,2010-12-06,1415.3,1414.0,1428.4,1410.0,0.83K,0.006999999999999999
2420,2010-12-03,1405.4,1385.1,1415.1,1385.1,2.34K,0.0122
2421,2010-12-02,1388.5,1387.6,1398.6,1383.3,1.55K,0.0009
2422,2010-12-01,1387.3,1386.8,1396.6,1382.3,4.76K,0.0017
2423,2010-11-30,1385.0,1366.7,1390.1,1362.8,11.37K,0.0139
2424,2010-11-29,1366.0,1364.0,1369.3,1352.6,94.49K,0.0027
2425,2010-11-26,1362.3,1372.1,1372.1,1372.1,0.00K,-0.0077
2426,2010-11-24,1372.9,1377.8,1377.8,1377.8,0.00K,-0.0033
2427,2010-11-23,1377.5,1369.4,1376.4,1364.5,0.02K,0.0146
2428,2010-11-22,1357.7,1357.7,1357.7,1357.7,-,0.0041
2429,2010-11-19,1352.2,1350.7,1352.0,1344.5,0.01K,-0.0005
2430,2010-11-18,1352.9,1349.5,1353.2,1347.7,0.02K,0.012
2431,2010-11-17,1336.8,1336.9,1341.8,1331.3,0.05K,-0.0011
2432,2010-11-16,1338.3,1356.5,1358.2,1329.5,0.07K,-0.022
2433,2010-11-15,1368.4,1363.7,1372.6,1355.3,0.05K,0.0022
2434,2010-11-12,1365.4,1407.9,1407.9,1360.1,0.18K,-0.0269
2435,2010-11-11,1403.1,1400.7,1413.5,1397.3,0.03K,0.0029
2436,2010-11-10,1399.1,1395.2,1408.1,1384.0,0.03K,-0.0076
2437,2010-11-09,1409.8,1405.2,1423.2,1382.9,0.08K,0.005
2438,2010-11-08,1402.8,1390.5,1409.2,1387.1,0.11K,0.0039
2439,2010-11-05,1397.3,1390.7,1398.0,1378.2,0.11K,0.0106
2440,2010-11-04,1382.7,1368.6,1392.5,1368.6,0.11K,0.0341
2441,2010-11-03,1337.1,1351.4,1359.2,1327.5,0.14K,-0.0142
2442,2010-11-02,1356.4,1356.8,1356.8,1355.5,0.02K,0.0046
2443,2010-11-01,1350.2,1360.3,1360.3,1350.7,0.04K,-0.0051
2444,2010-10-29,1357.1,1340.2,1358.7,1336.8,0.07K,0.0112
2445,2010-10-28,1342.1,1327.9,1343.6,1325.9,0.19K,0.0151
2446,2010-10-27,1322.2,1341.0,1341.8,1321.1,0.09K,-0.0118
2447,2010-10-26,1338.0,1341.2,1341.2,1328.3,0.20K,-0.0002
2448,2010-10-25,1338.3,1333.6,1349.1,1333.1,0.19K,0.0105
2449,2010-10-22,1324.4,1326.7,1328.1,1319.0,0.11K,-0.0002
2450,2010-10-21,1324.7,1344.2,1346.2,1317.5,0.10K,-0.0138
2451,2010-10-20,1343.3,1336.0,1345.8,1334.2,0.15K,0.0061
2452,2010-10-19,1335.1,1366.8,1370.5,1328.5,0.30K,-0.0263
2453,2010-10-18,1371.2,1358.0,1372.6,1358.0,0.05K,0.0001
2454,2010-10-15,1371.1,1379.2,1382.4,1364.7,0.17K,-0.0041
2455,2010-10-14,1376.7,1372.8,1383.9,1371.3,0.11K,0.0053
2456,2010-10-13,1369.5,1356.4,1374.0,1355.1,0.25K,0.0177
2457,2010-10-12,1345.7,1346.9,1352.2,1343.6,0.11K,-0.0056
2458,2010-10-11,1353.3,1346.7,1353.7,1344.0,0.08K,0.0068
2459,2010-10-08,1344.2,1333.5,1348.4,1325.0,0.08K,0.0077
2460,2010-10-07,1333.9,1347.9,1363.2,1325.7,0.26K,-0.0093
2461,2010-10-06,1346.4,1339.1,1349.0,1339.0,0.22K,0.0056
2462,2010-10-05,1338.9,1312.9,1341.1,1312.9,0.20K,0.0179
2463,2010-10-04,1315.4,1318.3,1319.1,1312.0,0.10K,-0.0005
2464,2010-10-01,1316.1,1309.0,1320.0,1309.0,0.15K,0.0063
2465,2010-09-30,1307.8,1307.2,1315.2,1295.7,0.58K,-0.0005
2466,2010-09-29,1308.5,1309.4,1312.5,1305.0,6.75K,0.0015
2467,2010-09-28,1306.6,1287.5,1308.6,1287.5,0.08K,0.0076
2468,2010-09-27,1296.7,1297.8,1297.9,1296.3,0.07K,0.0005
2469,2010-09-24,1296.0,1296.8,1297.4,1294.2,0.04K,0.0013
2470,2010-09-23,1294.3,1289.4,1294.2,1289.4,0.05K,0.0032
2471,2010-09-22,1290.2,1293.5,1294.5,1288.5,0.02K,0.014
2472,2010-09-21,1272.4,1278.2,1289.8,1271.8,0.06K,-0.0052
2473,2010-09-20,1279.0,1281.7,1282.0,1279.3,0.03K,0.0027
2474,2010-09-17,1275.6,1275.8,1279.6,1273.8,0.05K,0.0029
2475,2010-09-16,1271.9,1268.7,1275.2,1266.6,0.04K,0.0041
2476,2010-09-15,1266.7,1268.4,1269.8,1263.5,0.03K,-0.0024
2477,2010-09-14,1269.7,1253.8,1272.4,1253.4,0.09K,0.0198
2478,2010-09-13,1245.1,1242.6,1247.0,1242.6,0.02K,0.0005
2479,2010-09-10,1244.5,1239.0,1249.6,1239.0,0.02K,-0.0035
2480,2010-09-09,1248.9,1253.9,1256.4,1244.1,0.01K,-0.0053
2481,2010-09-08,1255.6,1260.2,1260.2,1254.7,0.03K,-0.0014
2482,2010-09-07,1257.3,1256.1,1258.0,1248.9,0.01K,0.0065
2483,2010-09-03,1249.2,1240.0,1247.4,1240.0,0.00K,-0.0018
2484,2010-09-02,1251.5,1247.1,1252.5,1246.9,0.10K,0.0042
2485,2010-09-01,1246.3,1252.3,1254.3,1243.6,0.04K,-0.0016
2486,2010-08-31,1248.3,1237.1,1249.4,1233.0,0.12K,0.0091
2487,2010-08-30,1237.1,1237.1,1237.9,1234.0,0.13K,0.0009
2488,2010-08-27,1236.0,1235.7,1241.9,1234.8,0.03K,0.0005
2489,2010-08-26,1235.4,1240.9,1243.3,1235.0,0.10K,-0.0033
2490,2010-08-25,1239.5,1230.7,1240.7,1230.7,0.30K,0.0063
2491,2010-08-24,1231.8,1223.0,1234.0,1211.5,0.30K,0.004
2492,2010-08-23,1226.9,1228.9,1228.9,1222.9,0.06K,-0.0002
2493,2010-08-20,1227.2,1232.5,1232.8,1223.0,0.24K,-0.0053
2494,2010-08-19,1233.8,1229.6,1237.6,1228.8,0.05K,0.0033
2495,2010-08-18,1229.7,1226.0,1231.6,1218.0,0.17K,0.0025
2496,2010-08-17,1226.6,1227.4,1227.4,1224.0,0.08K,0.0017
2497,2010-08-16,1224.5,1218.0,1225.4,1218.0,0.25K,0.0079
2498,2010-08-13,1214.9,1212.8,1216.0,1212.5,0.14K,0.0001
2499,2010-08-12,1214.8,1200.5,1215.5,1199.0,0.29K,0.0144
2500,2010-08-11,1197.5,1202.8,1208.0,1193.0,0.35K,0.0011
2501,2010-08-10,1196.2,1200.5,1206.5,1191.0,0.71K,-0.0037
2502,2010-08-09,1200.7,1205.8,1209.6,1199.8,0.66K,-0.0022
2503,2010-08-06,1203.4,1195.4,1211.0,1195.3,0.35K,0.0052
2504,2010-08-05,1197.2,1194.3,1199.5,1190.0,0.21K,0.0029
2505,2010-08-04,1193.7,1186.3,1203.0,1186.3,1.07K,0.0072
2506,2010-08-03,1185.2,1183.8,1190.5,1180.0,0.60K,0.0015
2507,2010-08-02,1183.4,1181.8,1191.8,1174.7,2.50K,0.0014
2508,2010-07-30,1181.7,1168.2,1183.1,1165.8,5.47K,0.0114
2509,2010-07-29,1168.4,1163.8,1169.2,1158.7,54.38K,0.0069
2510,2010-07-28,1160.4,1159.8,1159.8,1159.8,0.00K,0.0021
2511,2010-07-27,1158.0,1174.0,1174.2,1162.7,0.03K,-0.0211
2512,2010-07-26,1183.0,1192.6,1192.6,1182.2,0.04K,-0.004
2513,2010-07-23,1187.7,1193.7,1198.6,1188.0,0.03K,-0.0065
2514,2010-07-22,1195.5,1194.4,1196.0,1194.4,0.08K,0.0033
2515,2010-07-21,1191.6,1190.7,1194.5,1184.1,0.02K,0.0001
2516,2010-07-20,1191.5,1183.2,1191.6,1181.5,0.01K,0.0083
2517,2010-07-19,1181.7,1182.2,1182.2,1180.0,0.00K,-0.0053
2518,2010-07-16,1188.0,1200.9,1201.0,1186.7,0.05K,-0.0166
2519,2010-07-15,1208.1,1213.2,1213.2,1208.4,0.03K,0.0011
2520,2010-07-14,1206.8,1212.0,1213.8,1202.4,0.05K,-0.0054
2521,2010-07-13,1213.3,1205.2,1217.4,1205.2,0.05K,0.0123
2522,2010-07-12,1198.5,1206.2,1206.2,1204.0,0.05K,-0.0092
2523,2010-07-09,1209.6,1199.2,1213.0,1195.0,0.02K,0.0115
2524,2010-07-08,1195.8,1203.3,1203.3,1189.3,0.09K,-0.0023
2525,2010-07-07,1198.6,1185.8,1198.7,1185.3,0.02K,0.0032
2526,2010-07-06,1194.8,1207.3,1211.8,1190.5,0.05K,-0.0104
2527,2010-07-02,1207.4,1201.4,1211.6,1200.8,0.17K,0.0009
2528,2010-07-01,1206.3,1241.7,1242.4,1204.2,0.05K,-0.0315
2529,2010-06-30,1245.5,1244.2,1246.2,1236.7,0.07K,0.0028
2530,2010-06-29,1242.0,1239.4,1245.0,1228.5,0.42K,0.0031
2531,2010-06-28,1238.2,1254.5,1262.0,1238.0,0.05K,-0.014
2532,2010-06-25,1255.8,1246.7,1256.9,1243.7,0.16K,0.0083
2533,2010-06-24,1245.5,1236.4,1248.1,1230.7,0.25K,0.0092
2534,2010-06-23,1234.1,1240.2,1245.1,1226.9,0.10K,-0.0047
2535,2010-06-22,1239.9,1239.5,1242.8,1232.1,0.17K,0.0002
2536,2010-06-21,1239.7,1257.4,1264.8,1232.0,0.22K,-0.0139
2537,2010-06-18,1257.2,1247.7,1261.5,1242.9,0.13K,0.0078
2538,2010-06-17,1247.5,1233.9,1251.1,1233.9,0.27K,0.0148
2539,2010-06-16,1229.3,1232.0,1237.6,1228.5,0.32K,-0.0032
2540,2010-06-15,1233.2,1222.6,1236.0,1222.4,0.25K,0.0081
2541,2010-06-14,1223.3,1230.2,1232.7,1217.7,0.99K,-0.0046
2542,2010-06-11,1228.9,1219.5,1229.6,1218.0,0.48K,0.0066
2543,2010-06-10,1220.8,1232.8,1233.5,1215.1,0.49K,-0.0063
2544,2010-06-09,1228.5,1237.0,1238.2,1222.0,0.45K,-0.0125
2545,2010-06-08,1244.0,1241.5,1252.1,1234.1,0.76K,0.0038
2546,2010-06-07,1239.3,1220.4,1244.7,1211.0,0.86K,0.019
2547,2010-06-04,1216.2,1207.6,1220.4,1196.9,1.07K,0.0065
2548,2010-06-03,1208.3,1223.7,1224.2,1201.0,1.55K,-0.0101
2549,2010-06-02,1220.6,1224.9,1226.2,1213.0,2.80K,-0.0034
2550,2010-06-01,1224.8,1217.0,1228.2,1209.3,4.55K,0.0104
2551,2010-05-28,1212.2,1210.4,1214.8,1201.1,12.90K,0.0002
2552,2010-05-27,1211.9,1211.7,1218.5,1205.4,109.43K,-0.0012
2553,2010-05-26,1213.3,1213.3,1213.3,1213.3,0.00K,0.0129
2554,2010-05-25,1197.8,1195.6,1200.0,1192.1,0.01K,0.0034
2555,2010-05-24,1193.8,1184.0,1191.8,1184.0,0.01K,0.0154
2556,2010-05-21,1175.7,1182.4,1182.4,1177.0,0.18K,-0.0102
2557,2010-05-20,1187.8,1179.5,1191.8,1179.4,0.30K,-0.004
2558,2010-05-19,1192.6,1224.1,1226.8,1191.2,0.08K,-0.0179
2559,2010-05-18,1214.3,1214.1,1216.8,1208.2,0.07K,-0.0109
2560,2010-05-17,1227.7,1233.3,1235.9,1225.2,0.05K,0.0002
2561,2010-05-14,1227.4,1236.2,1246.2,1217.5,0.10K,-0.0011
2562,2010-05-13,1228.8,1235.3,1240.0,1228.7,0.04K,-0.0112
2563,2010-05-12,1242.7,1230.6,1246.5,1227.1,0.21K,0.0187
2564,2010-05-11,1219.9,1204.2,1233.5,1201.5,0.20K,0.0162
2565,2010-05-10,1200.4,1202.0,1203.8,1189.2,0.12K,-0.0079
2566,2010-05-07,1210.0,1205.0,1210.8,1194.6,0.11K,0.0109
2567,2010-05-06,1196.9,1175.9,1210.6,1175.9,0.08K,0.019
2568,2010-05-05,1174.6,1167.5,1177.2,1159.2,0.10K,0.0051
2569,2010-05-04,1168.6,1181.0,1191.8,1168.3,0.09K,-0.0119
2570,2010-05-03,1182.7,1178.6,1187.5,1177.3,0.09K,0.0022
2571,2010-04-30,1180.1,1170.0,1181.3,1170.0,0.15K,0.01
2572,2010-04-29,1168.4,1166.8,1171.2,1164.0,0.17K,-0.0025
2573,2010-04-28,1171.3,1166.2,1173.9,1161.1,0.11K,0.0083
2574,2010-04-27,1161.7,1152.8,1170.7,1148.6,0.21K,0.0071
2575,2010-04-26,1153.5,1160.1,1160.1,1151.4,0.11K,0.0003
2576,2010-04-23,1153.1,1139.5,1154.6,1139.1,0.04K,0.0095
2577,2010-04-22,1142.3,1144.0,1144.0,1133.6,0.21K,-0.0051
2578,2010-04-21,1148.2,1142.6,1150.0,1138.4,0.07K,0.0084
2579,2010-04-20,1138.6,1136.4,1145.8,1136.0,0.08K,0.003
2580,2010-04-19,1135.2,1133.9,1137.1,1124.0,0.15K,-0.001
2581,2010-04-16,1136.3,1159.6,1160.0,1130.4,0.48K,-0.0202
2582,2010-04-15,1159.7,1157.5,1159.8,1151.0,0.18K,0.0006
2583,2010-04-14,1159.0,1151.2,1160.6,1151.2,0.16K,0.0054
2584,2010-04-13,1152.8,1155.5,1157.0,1145.0,0.28K,-0.0076
2585,2010-04-12,1161.6,1168.5,1169.0,1154.6,0.48K,0.0004
2586,2010-04-09,1161.1,1150.7,1164.8,1150.5,0.51K,0.0077
2587,2010-04-08,1152.2,1146.4,1152.3,1144.0,0.25K,-0.0001
2588,2010-04-07,1152.3,1135.8,1153.0,1132.6,1.34K,0.0152
2589,2010-04-06,1135.1,1130.8,1138.5,1122.7,2.49K,0.0019
2590,2010-04-05,1132.9,1122.3,1133.3,1119.9,0.57K,0.0069
2591,2010-04-01,1125.1,1112.9,1127.7,1111.3,0.57K,0.0106
2592,2010-03-31,1113.3,1103.1,1118.7,1102.0,5.95K,0.008
2593,2010-03-30,1104.5,1109.7,1112.9,1101.1,56.53K,-0.0052
2594,2010-03-29,1110.3,1110.7,1110.7,1109.4,0.02K,0.0055
2595,2010-03-26,1104.2,1098.4,1098.4,1092.3,0.01K,0.0105
2596,2010-03-25,1092.7,1092.4,1092.4,1085.5,0.01K,0.0038
2597,2010-03-24,1088.6,1092.4,1092.4,1085.5,0.01K,-0.0135
2598,2010-03-23,1103.5,1094.8,1104.7,1094.8,0.02K,0.0038
2599,2010-03-22,1099.3,1102.1,1102.4,1094.8,0.07K,-0.0073
2600,2010-03-19,1107.4,1124.2,1124.2,1104.2,0.05K,-0.0177
2601,2010-03-18,1127.4,1121.1,1127.8,1121.1,0.09K,0.003
2602,2010-03-17,1124.0,1127.8,1131.4,1118.0,0.03K,0.0016
2603,2010-03-16,1122.2,1114.5,1127.0,1114.5,0.07K,0.0155
2604,2010-03-15,1105.1,1104.2,1107.1,1101.4,0.02K,0.0033
2605,2010-03-12,1101.5,1117.4,1117.4,1099.9,0.14K,-0.0059
2606,2010-03-11,1108.0,1107.5,1109.0,1101.2,0.05K,0.0002
2607,2010-03-10,1107.8,1127.1,1127.1,1106.9,0.02K,-0.0127
2608,2010-03-09,1122.0,1123.2,1124.0,1113.1,0.03K,-0.0014
2609,2010-03-08,1123.6,1134.6,1136.3,1119.3,0.02K,-0.0099
2610,2010-03-05,1134.8,1131.3,1139.7,1128.0,0.13K,0.0019
2611,2010-03-04,1132.6,1134.7,1139.0,1128.6,0.12K,-0.0088
2612,2010-03-03,1142.7,1133.7,1145.0,1133.7,0.17K,0.0051
2613,2010-03-02,1136.9,1117.7,1137.4,1115.7,0.16K,0.0171
2614,2010-03-01,1117.8,1119.3,1121.9,1113.6,0.18K,-0.0004
2615,2010-02-26,1118.3,1106.8,1118.2,1106.8,0.38K,0.0095
2616,2010-02-25,1107.8,1100.6,1108.2,1088.7,0.39K,0.0103
2617,2010-02-24,1096.5,1106.2,1106.3,1091.9,0.18K,-0.0056
2618,2010-02-23,1102.7,1116.4,1118.3,1102.6,0.15K,-0.0089
2619,2010-02-22,1112.6,1123.4,1127.4,1110.0,0.12K,-0.0078
2620,2010-02-19,1121.3,1107.3,1126.2,1099.7,0.14K,0.003
2621,2010-02-18,1118.0,1104.5,1123.7,1100.8,0.99K,-0.0013
2622,2010-02-17,1119.5,1116.4,1127.0,1108.5,1.08K,0.0002
2623,2010-02-16,1119.3,1094.8,1120.4,1092.4,0.93K,0.0274
2624,2010-02-12,1089.5,1089.6,1092.0,1079.8,0.20K,-0.0043
2625,2010-02-11,1094.2,1076.8,1097.1,1075.6,1.49K,0.0171
2626,2010-02-10,1075.8,1078.0,1081.1,1063.3,0.64K,-0.0008
2627,2010-02-09,1076.7,1063.4,1082.0,1063.1,0.39K,0.0103
2628,2010-02-08,1065.7,1067.5,1073.4,1061.6,0.55K,0.0128
2629,2010-02-05,1052.2,1068.3,1068.5,1045.2,1.96K,-0.0096
2630,2010-02-04,1062.4,1110.0,1110.7,1059.0,1.43K,-0.0441
2631,2010-02-03,1111.4,1115.8,1124.9,1108.6,0.85K,-0.0054
2632,2010-02-02,1117.4,1106.8,1118.5,1100.2,3.33K,0.0119
2633,2010-02-01,1104.3,1081.0,1107.3,1076.8,2.45K,0.0197
2634,2010-01-29,1083.0,1085.0,1090.8,1074.5,11.46K,-0.0006
2635,2010-01-28,1083.6,1087.8,1095.7,1073.2,101.17K,-0.0007
2636,2010-01-27,1084.4,1094.4,1094.4,1091.0,0.00K,-0.0123
2637,2010-01-26,1097.9,1094.7,1094.7,1093.0,0.00K,0.0025
2638,2010-01-25,1095.2,1100.4,1100.4,1095.4,0.01K,0.0055
2639,2010-01-22,1089.2,1091.4,1095.4,1083.0,0.06K,-0.0122
2640,2010-01-21,1102.7,1104.8,1107.5,1089.8,0.10K,-0.0086
2641,2010-01-20,1112.3,1133.0,1133.0,1109.8,0.03K,-0.024
2642,2010-01-19,1139.7,1131.1,1138.4,1130.5,0.02K,0.0085
2643,2010-01-15,1130.1,1132.8,1133.4,1127.2,0.05K,-0.0109
2644,2010-01-14,1142.6,1137.0,1145.9,1132.8,0.08K,0.0055
2645,2010-01-13,1136.4,1128.1,1136.4,1121.0,0.06K,0.0066
2646,2010-01-12,1128.9,1155.0,1157.2,1127.2,0.05K,-0.0189
2647,2010-01-11,1150.7,1143.0,1161.2,1143.0,0.18K,0.011
2648,2010-01-08,1138.2,1124.9,1136.9,1122.7,0.05K,0.0045
2649,2010-01-07,1133.1,1132.1,1133.0,1129.2,0.06K,-0.0025
2650,2010-01-06,1135.9,1120.7,1139.2,1120.7,0.36K,0.0159
2651,2010-01-05,1118.1,1122.0,1126.5,1115.0,0.05K,0.0004
2652,2010-01-04,1117.7,1097.1,1122.3,1097.1,0.18K,0.0205
2653,2009-12-31,1095.2,1094.0,1106.1,1094.0,0.15K,0.0034
2654,2009-12-30,1091.5,1096.5,1097.1,1086.0,0.40K,-0.005
2655,2009-12-29,1097.0,1105.0,1105.2,1097.6,0.11K,-0.0092
2656,2009-12-28,1107.2,1111.8,1111.9,1102.8,0.35K,0.0028
2657,2009-12-24,1104.1,1092.0,1105.3,1092.0,0.13K,0.0099
2658,2009-12-23,1093.3,1086.2,1094.6,1080.0,0.17K,0.0067
2659,2009-12-22,1086.0,1094.4,1097.4,1075.0,0.48K,-0.0086
2660,2009-12-21,1095.4,1115.5,1119.2,1090.8,0.25K,-0.0139
2661,2009-12-18,1110.8,1098.0,1115.2,1097.8,0.40K,0.0036
2662,2009-12-17,1106.8,1141.5,1141.5,1095.7,0.42K,-0.0253
2663,2009-12-16,1135.5,1125.7,1140.0,1122.4,0.21K,0.0117
2664,2009-12-15,1122.4,1127.9,1128.6,1111.9,0.24K,-0.0008
2665,2009-12-14,1123.3,1114.5,1127.5,1114.5,0.23K,0.0035
2666,2009-12-11,1119.4,1132.7,1141.4,1110.8,0.91K,-0.0056
2667,2009-12-10,1125.7,1131.5,1134.8,1122.2,0.34K,0.0047
2668,2009-12-09,1120.4,1130.3,1147.0,1116.5,2.26K,-0.0196
2669,2009-12-08,1142.8,1159.5,1169.3,1125.3,0.78K,-0.0177
2670,2009-12-07,1163.4,1157.6,1165.5,1136.3,3.67K,-0.0046
2671,2009-12-04,1168.8,1207.8,1211.2,1147.0,4.29K,-0.0399
2672,2009-12-03,1217.4,1218.0,1226.4,1204.6,1.53K,0.0045
2673,2009-12-02,1212.0,1196.4,1217.3,1196.4,2.15K,0.0108
2674,2009-12-01,1199.1,1181.0,1202.7,1176.0,3.79K,0.0152
2675,2009-11-30,1181.1,1179.9,1183.7,1163.7,14.55K,0.0059
2676,2009-11-27,1174.2,1192.8,1195.0,1130.1,112.02K,-0.0107
2677,2009-11-25,1186.9,1186.9,1186.9,1186.9,-,0.0184
2678,2009-11-24,1165.5,1168.7,1169.8,1167.5,0.03K,0.001
2679,2009-11-23,1164.3,1164.3,1164.3,1164.3,0.00K,0.0156
2680,2009-11-20,1146.4,1144.9,1144.9,1137.3,0.02K,0.0044
2681,2009-11-19,1141.4,1143.0,1144.8,1135.5,0.02K,0.0006
2682,2009-11-18,1140.7,1136.5,1149.4,1136.5,0.08K,0.0017
2683,2009-11-17,1138.8,1131.3,1140.4,1131.3,0.07K,0.0002
2684,2009-11-16,1138.6,1136.5,1149.4,1136.5,0.06K,0.0202
2685,2009-11-13,1116.1,1105.0,1118.2,1105.0,0.06K,0.0091
2686,2009-11-12,1106.0,1121.3,1121.3,1104.3,0.07K,-0.0072
2687,2009-11-11,1114.0,1106.3,1117.6,1106.3,0.10K,0.011
2688,2009-11-10,1101.9,1100.9,1108.6,1098.2,0.09K,0.001
2689,2009-11-09,1100.8,1098.6,1109.3,1098.6,0.10K,0.0052
2690,2009-11-06,1095.1,1092.5,1100.0,1090.2,0.06K,0.0059
2691,2009-11-05,1088.7,1086.0,1092.3,1086.0,0.06K,0.0018
2692,2009-11-04,1086.7,1082.2,1097.4,1082.2,0.11K,0.0022
2693,2009-11-03,1084.3,1063.6,1087.0,1056.8,0.20K,0.0293
2694,2009-11-02,1053.4,1043.5,1061.8,1043.5,0.04K,0.0132
2695,2009-10-30,1039.7,1045.5,1045.8,1035.6,0.15K,-0.0064
2696,2009-10-29,1046.4,1035.2,1047.3,1032.4,0.23K,0.016
2697,2009-10-28,1029.9,1042.1,1042.1,1028.0,0.04K,-0.0046
2698,2009-10-27,1034.7,1039.5,1042.1,1035.5,0.10K,-0.0071
2699,2009-10-26,1042.1,1055.6,1055.6,1039.9,0.08K,-0.0128
2700,2009-10-23,1055.6,1063.8,1065.9,1050.2,0.12K,-0.0021
2701,2009-10-22,1057.8,1061.2,1061.2,1051.5,0.17K,-0.0055
2702,2009-10-21,1063.7,1053.7,1064.0,1047.5,0.04K,0.0056
2703,2009-10-20,1057.8,1065.5,1066.2,1054.0,0.23K,0.0005
2704,2009-10-19,1057.3,1053.6,1061.2,1049.2,0.16K,0.0063
2705,2009-10-16,1050.7,1051.5,1056.2,1043.7,0.08K,0.0009
2706,2009-10-15,1049.8,1062.2,1062.2,1048.0,0.18K,-0.0133
2707,2009-10-14,1063.9,1064.0,1070.2,1057.6,0.14K,-0.0003
2708,2009-10-13,1064.2,1064.0,1068.4,1056.5,0.18K,0.0071
2709,2009-10-12,1056.7,1049.0,1058.4,1049.0,0.21K,0.0085
2710,2009-10-09,1047.8,1049.3,1051.5,1044.0,0.18K,-0.0072
2711,2009-10-08,1055.4,1045.8,1060.4,1045.1,0.16K,0.0116
2712,2009-10-07,1043.3,1038.3,1048.2,1038.3,0.18K,0.0045
2713,2009-10-06,1038.6,1019.5,1043.8,1018.3,0.18K,0.0215
2714,2009-10-05,1016.7,1004.1,1017.6,1003.0,0.18K,0.0135
2715,2009-10-02,1003.2,998.8,1007.3,986.8,0.25K,0.0037
2716,2009-10-01,999.5,1007.4,1008.8,998.0,0.21K,-0.0084
2717,2009-09-30,1008.0,992.5,1009.0,992.5,1.39K,0.015
2718,2009-09-29,993.1,990.5,995.7,984.7,5.74K,0.0006
2719,2009-09-28,992.5,993.2,993.2,991.4,0.03K,0.0023
2720,2009-09-25,990.2,997.3,997.4,986.7,0.07K,-0.0073
2721,2009-09-24,997.5,1015.0,1015.0,993.9,0.12K,-0.0153
2722,2009-09-23,1013.0,1014.4,1015.2,1008.2,0.21K,-0.0012
2723,2009-09-22,1014.2,1011.5,1019.4,1011.5,0.07K,0.0105
2724,2009-09-21,1003.7,1003.7,1003.7,998.0,0.01K,-0.0054
2725,2009-09-18,1009.2,1013.9,1017.6,1009.5,0.03K,-0.0031
2726,2009-09-17,1012.3,1017.2,1019.5,1011.6,0.05K,-0.0065
2727,2009-09-16,1018.9,1014.7,1019.8,1014.7,0.09K,0.0138
2728,2009-09-15,1005.0,998.0,1008.0,994.9,0.12K,0.0051
2729,2009-09-14,999.9,1002.9,1003.8,998.5,0.09K,-0.005
2730,2009-09-11,1004.9,999.7,1011.9,999.7,0.20K,0.0095
2731,2009-09-10,995.4,996.2,997.2,987.3,0.05K,0.0001
2732,2009-09-09,995.3,1002.0,1002.8,988.8,0.08K,-0.0026
2733,2009-09-08,997.9,997.7,1006.9,993.2,0.09K,0.003
2734,2009-09-04,994.9,992.6,995.0,985.5,0.08K,-0.0009
2735,2009-09-03,995.8,978.1,993.8,978.1,0.06K,0.0197
2736,2009-09-02,976.6,954.0,978.8,954.0,0.07K,0.0229
2737,2009-09-01,954.7,954.2,956.5,948.7,0.02K,0.0032
2738,2009-08-31,951.7,959.5,959.5,944.8,0.02K,-0.0055
2739,2009-08-28,957.0,949.3,962.2,948.1,0.18K,0.0122
2740,2009-08-27,945.5,944.2,949.4,942.9,0.07K,0.0013
2741,2009-08-26,944.3,947.5,947.9,940.3,0.13K,-0.0002
2742,2009-08-25,944.5,946.3,954.5,943.5,0.14K,0.0023
2743,2009-08-24,942.3,953.5,956.9,941.3,0.20K,-0.0114
2744,2009-08-21,953.2,957.0,957.6,952.6,0.05K,0.0137
2745,2009-08-20,940.3,942.9,945.7,940.1,0.04K,-0.0032
2746,2009-08-19,943.3,941.8,944.9,933.4,0.19K,0.006
2747,2009-08-18,937.7,938.6,938.6,935.5,0.28K,0.0036
2748,2009-08-17,934.3,947.4,947.4,931.5,0.13K,-0.0134
2749,2009-08-14,947.0,957.4,957.4,942.1,0.14K,-0.0081
2750,2009-08-13,954.7,952.6,960.1,952.3,0.10K,0.0042
2751,2009-08-12,950.7,947.5,951.5,943.0,0.10K,0.0052
2752,2009-08-11,945.8,947.2,949.7,943.1,0.11K,0.0008
2753,2009-08-10,945.0,955.0,956.1,943.5,0.40K,-0.0128
2754,2009-08-07,957.3,964.3,964.3,954.6,0.64K,-0.0035
2755,2009-08-06,960.7,964.1,971.1,956.5,0.54K,-0.0036
2756,2009-08-05,964.2,967.6,968.1,959.8,0.74K,-0.0034
2757,2009-08-04,967.5,956.6,969.5,950.8,0.57K,0.0114
2758,2009-08-03,956.6,952.6,964.0,952.4,2.60K,0.003
2759,2009-07-31,953.7,934.4,958.1,932.0,10.75K,0.0201
2760,2009-07-30,934.9,929.2,937.0,928.4,36.62K,0.0083
2761,2009-07-29,927.2,927.2,927.2,927.2,-,-0.0126
2762,2009-07-28,939.0,949.5,949.5,937.5,0.01K,-0.015
2763,2009-07-27,953.3,955.1,957.1,953.9,0.01K,0.0005
2764,2009-07-24,952.8,950.3,952.8,950.3,0.08K,-0.0018
2765,2009-07-23,954.5,954.2,954.2,949.8,0.05K,0.0016
2766,2009-07-22,953.0,949.2,952.2,946.4,0.07K,0.0068
2767,2009-07-21,946.6,948.6,948.6,945.8,0.02K,-0.002
2768,2009-07-20,948.5,954.1,954.5,950.9,0.01K,0.0121
2769,2009-07-17,937.2,936.9,937.8,931.8,0.03K,0.0022
2770,2009-07-16,935.1,938.4,938.4,934.8,0.06K,-0.0043
2771,2009-07-15,939.1,928.9,941.0,928.3,0.07K,0.018000000000000002
2772,2009-07-14,922.5,920.2,926.2,920.2,0.06K,0.0003
2773,2009-07-13,922.2,911.5,920.5,908.4,0.03K,0.011
2774,2009-07-10,912.2,910.7,913.5,908.5,0.04K,-0.004
2775,2009-07-09,915.9,907.2,917.4,907.2,0.07K,0.0076
2776,2009-07-08,909.0,919.6,919.6,905.6,0.04K,-0.0213
2777,2009-07-07,928.8,924.2,931.7,921.2,0.06K,0.0052
2778,2009-07-06,924.0,928.7,933.7,920.2,0.11K,-0.0072
2779,2009-07-02,930.7,941.4,941.5,926.6,0.07K,-0.0109
2780,2009-07-01,941.0,929.3,944.2,928.0,0.09K,0.015
2781,2009-06-30,927.1,941.4,943.9,925.3,0.13K,-0.0141
2782,2009-06-29,940.4,940.2,942.5,934.8,0.45K,-0.0003
2783,2009-06-26,940.7,945.3,946.0,939.6,0.06K,0.0017
2784,2009-06-25,939.1,932.3,938.0,932.3,0.07K,0.0054
2785,2009-06-24,934.1,925.4,942.7,922.9,0.59K,0.011
2786,2009-06-23,923.9,921.9,926.5,917.3,0.18K,0.0036
2787,2009-06-22,920.6,925.0,926.2,919.0,0.13K,-0.016
2788,2009-06-19,935.6,932.0,936.5,932.0,0.07K,0.0017
2789,2009-06-18,934.0,942.0,942.0,931.0,0.09K,-0.0015
2790,2009-06-17,935.4,931.5,937.8,930.4,0.03K,0.0041
2791,2009-06-16,931.6,930.9,938.6,930.9,0.15K,0.0051
2792,2009-06-15,926.9,938.5,938.5,927.4,0.26K,-0.014
2793,2009-06-12,940.1,955.9,956.5,935.8,0.17K,-0.0221
2794,2009-06-11,961.3,954.3,961.9,943.1,0.58K,0.0077
2795,2009-06-10,954.0,956.0,966.0,949.2,0.70K,0.0
2796,2009-06-09,954.0,953.5,963.7,948.4,0.68K,0.0024
2797,2009-06-08,951.7,958.0,960.1,944.4,0.58K,-0.0104
2798,2009-06-05,961.7,981.4,983.0,954.0,0.71K,-0.0199
2799,2009-06-04,981.2,963.6,982.0,960.9,0.60K,0.0173
2800,2009-06-03,964.5,981.7,990.3,961.0,1.19K,-0.019
2801,2009-06-02,983.2,974.7,986.5,969.8,2.35K,0.0047
2802,2009-06-01,978.6,978.8,988.1,973.0,2.88K,-0.0002
2803,2009-05-29,978.8,959.2,980.4,959.0,7.61K,0.018000000000000002
2804,2009-05-28,961.5,948.6,964.9,944.0,74.26K,0.0087
2805,2009-05-27,953.2,947.2,956.0,947.2,0.07K,0.0001
2806,2009-05-26,953.1,953.0,953.5,944.0,0.02K,-0.0056
2807,2009-05-22,958.5,956.9,958.7,956.9,0.01K,0.0081
2808,2009-05-21,950.8,939.1,943.9,937.4,0.07K,0.0147
2809,2009-05-20,937.0,933.0,940.5,932.0,0.07K,0.0116
2810,2009-05-19,926.3,926.3,926.3,926.3,-,0.0054
2811,2009-05-18,921.3,929.6,932.9,918.7,0.07K,-0.0103
2812,2009-05-15,930.9,925.2,931.6,925.2,0.05K,0.0031
2813,2009-05-14,928.0,922.6,922.6,922.6,0.00K,0.0027
2814,2009-05-13,925.5,922.0,929.7,921.2,0.07K,0.0022
2815,2009-05-12,923.5,918.5,923.3,916.1,0.02K,0.0115
2816,2009-05-11,913.0,913.1,914.4,913.1,0.00K,-0.0015
2817,2009-05-08,914.4,910.1,915.3,910.1,0.16K,-0.0007
2818,2009-05-07,915.0,922.4,924.0,910.4,0.06K,0.0049
2819,2009-05-06,910.5,901.3,911.1,901.3,0.03K,0.0075
2820,2009-05-05,903.7,903.5,912.3,902.0,0.07K,0.0023
2821,2009-05-04,901.6,885.8,907.5,885.8,0.08K,0.0158
2822,2009-05-01,887.6,884.0,888.5,881.5,0.51K,-0.0035
2823,2009-04-30,890.7,898.2,898.9,881.3,0.21K,-0.0101
2824,2009-04-29,899.8,890.1,902.5,887.8,0.81K,0.0078
2825,2009-04-28,892.8,899.7,899.7,890.1,0.11K,-0.0161
2826,2009-04-27,907.4,918.0,918.0,906.3,1.18K,-0.0068
2827,2009-04-24,913.6,911.2,913.4,906.7,0.44K,0.0085
2828,2009-04-23,905.9,893.6,909.0,892.6,0.23K,0.0158
2829,2009-04-22,891.8,883.1,893.0,883.0,0.33K,0.011
2830,2009-04-21,882.1,886.9,895.1,880.7,0.23K,-0.0055
2831,2009-04-20,887.0,868.8,889.0,866.1,0.66K,0.0226
2832,2009-04-17,867.4,874.0,875.7,865.0,0.21K,-0.0135
2833,2009-04-16,879.3,890.9,893.4,872.8,0.63K,-0.0151
2834,2009-04-15,892.8,890.0,895.3,888.9,0.67K,0.0021
2835,2009-04-14,890.9,896.1,897.8,887.4,0.36K,-0.0042
2836,2009-04-13,894.7,882.5,899.4,882.5,0.42K,0.0142
2837,2009-04-09,882.2,882.4,886.1,874.7,0.36K,-0.0029
2838,2009-04-08,884.8,884.0,889.1,879.0,0.12K,0.0029
2839,2009-04-07,882.2,872.2,884.7,872.2,0.40K,0.0123
2840,2009-04-06,871.5,895.0,895.0,865.1,1.08K,-0.0269
2841,2009-04-03,895.6,904.6,910.3,891.3,1.62K,-0.013
2842,2009-04-02,907.4,926.9,930.3,894.9,3.39K,-0.0202
2843,2009-04-01,926.1,918.6,932.5,916.9,3.66K,0.0038
2844,2009-03-31,922.6,918.0,924.5,911.6,7.40K,0.0078
2845,2009-03-30,915.5,924.6,932.5,908.6,58.84K,-0.0081
2846,2009-03-27,923.0,923.0,923.0,923.0,-,-0.0177
2847,2009-03-26,939.6,939.6,943.0,937.6,0.07K,0.0045
2848,2009-03-25,935.4,921.2,936.5,920.8,0.10K,0.0131
2849,2009-03-24,923.3,923.3,923.3,923.3,1.49K,-0.0302
2850,2009-03-23,952.1,950.7,952.6,937.9,0.03K,-0.0039
2851,2009-03-20,955.8,960.6,960.6,954.1,0.02K,-0.0026
2852,2009-03-19,958.3,938.0,960.8,933.9,0.36K,0.0783
2853,2009-03-18,888.7,915.4,944.0,885.0,0.12K,-0.0302
2854,2009-03-17,916.4,923.2,924.4,912.4,0.05K,-0.0056
2855,2009-03-16,921.6,926.4,929.6,916.7,0.14K,-0.0088
2856,2009-03-13,929.8,924.4,937.0,924.4,0.07K,0.0066
2857,2009-03-12,923.7,909.2,927.5,908.0,0.12K,0.0146
2858,2009-03-11,910.4,894.7,912.4,894.1,0.22K,0.0165
2859,2009-03-10,895.6,921.6,921.8,892.1,0.12K,-0.0241
2860,2009-03-09,917.7,940.5,940.5,914.5,0.84K,-0.0259
2861,2009-03-06,942.1,933.5,944.5,931.8,0.31K,0.0163
2862,2009-03-05,927.0,912.0,932.6,908.9,0.14K,0.0232
2863,2009-03-04,906.0,914.9,923.2,900.1,0.16K,-0.0076
2864,2009-03-03,912.9,927.0,931.8,906.4,0.36K,-0.0278
2865,2009-03-02,939.0,945.0,955.8,924.5,0.47K,-0.0027
2866,2009-02-27,941.5,943.4,963.2,929.0,0.73K,-0.0003
2867,2009-02-26,941.8,953.0,956.0,933.0,0.69K,-0.0247
2868,2009-02-25,965.7,963.3,977.5,953.1,0.22K,-0.0035
2869,2009-02-24,969.1,988.0,991.6,963.2,0.24K,-0.0256
2870,2009-02-23,994.6,995.6,996.5,980.0,0.22K,-0.0072
2871,2009-02-20,1001.8,974.0,1004.9,971.6,0.22K,0.0263
2872,2009-02-19,976.1,982.7,986.2,972.0,0.20K,-0.0016
2873,2009-02-18,977.7,968.4,988.0,962.2,0.42K,0.0111
2874,2009-02-17,967.0,939.5,973.8,937.3,1.64K,0.0271
2875,2009-02-13,941.5,947.3,947.3,934.2,0.14K,-0.0074
2876,2009-02-12,948.5,938.8,952.8,936.4,0.34K,0.005
2877,2009-02-11,943.8,913.7,947.2,912.2,0.89K,0.0329
2878,2009-02-10,913.7,898.0,917.5,892.0,0.25K,0.0239
2879,2009-02-09,892.4,910.0,911.0,891.8,0.98K,-0.0235
2880,2009-02-06,913.9,914.5,918.5,909.5,0.33K,0.0003
2881,2009-02-05,913.6,906.3,924.4,904.4,0.77K,0.0133
2882,2009-02-04,901.6,900.1,909.2,897.0,0.47K,0.0108
2883,2009-02-03,892.0,903.2,913.3,889.8,1.45K,-0.0162
2884,2009-02-02,906.7,929.0,929.0,902.2,3.22K,-0.0222
2885,2009-01-30,927.3,909.8,930.3,902.0,10.46K,0.0245
2886,2009-01-29,905.1,888.1,909.7,874.2,66.61K,0.0191
2887,2009-01-28,888.1,886.1,894.6,883.7,0.02K,-0.0123
2888,2009-01-27,899.2,902.8,903.0,895.2,0.05K,-0.0102
2889,2009-01-26,908.5,907.3,911.6,901.2,0.02K,0.0147
2890,2009-01-23,895.3,875.0,899.1,875.0,0.05K,0.0432
2891,2009-01-22,858.2,856.8,860.9,846.2,0.06K,0.0101
2892,2009-01-21,849.6,850.5,851.0,844.5,0.04K,-0.0059
2893,2009-01-20,854.6,838.7,862.7,824.0,0.02K,0.0182
2894,2009-01-16,839.3,834.0,842.5,834.0,0.06K,0.0404
2895,2009-01-15,806.7,805.6,808.8,805.6,0.02K,-0.0019
2896,2009-01-14,808.2,825.9,827.1,814.0,0.01K,-0.0145
2897,2009-01-13,820.1,825.6,825.6,815.7,0.02K,-0.0002
2898,2009-01-12,820.3,844.4,844.4,815.4,0.07K,-0.0398
2899,2009-01-09,854.3,855.9,862.1,855.9,0.12K,0.0005
2900,2009-01-08,853.9,837.9,861.0,837.9,0.26K,0.0152
2901,2009-01-07,841.1,862.0,867.0,837.7,0.10K,-0.0281
2902,2009-01-06,865.4,855.1,867.6,840.0,0.11K,0.0096
2903,2009-01-05,857.2,882.0,883.5,847.0,0.04K,-0.0246
2904,2009-01-02,878.8,881.5,881.5,868.9,0.05K,-0.0054
2905,2008-12-31,883.6,860.0,882.5,858.4,0.04K,0.0165
2906,2008-12-30,869.3,878.1,878.1,866.5,0.14K,-0.0061
2907,2008-12-29,874.6,882.9,882.9,875.0,0.13K,0.0048
2908,2008-12-26,870.4,847.0,872.4,845.8,0.09K,0.0275
2909,2008-12-24,847.1,838.9,848.9,838.5,0.02K,0.0118
2910,2008-12-23,837.2,848.0,848.0,835.0,0.18K,-0.0106
2911,2008-12-22,846.2,848.5,851.0,844.0,0.24K,0.0117
2912,2008-12-19,836.4,846.6,852.1,833.3,0.11K,-0.027000000000000003
2913,2008-12-18,859.6,862.4,873.0,852.0,0.24K,-0.0091
2914,2008-12-17,867.5,854.4,880.8,853.5,0.12K,0.0307
2915,2008-12-16,841.7,839.0,859.0,831.6,0.07K,0.0075
2916,2008-12-15,835.4,828.0,842.0,824.0,0.47K,0.0201
2917,2008-12-12,818.9,821.5,827.0,813.8,0.18K,-0.0073
2918,2008-12-11,824.9,803.4,832.1,801.0,0.26K,0.0221
2919,2008-12-10,807.1,784.1,811.0,783.1,0.24K,0.0449
2920,2008-12-09,772.4,775.0,776.5,762.3,0.10K,0.0065
2921,2008-12-08,767.4,755.0,780.2,754.2,0.57K,0.0225
2922,2008-12-05,750.5,764.5,769.6,740.0,0.89K,-0.0174
2923,2008-12-04,763.8,770.0,780.4,761.7,0.61K,-0.0065
2924,2008-12-03,768.8,780.0,781.9,762.9,0.44K,-0.016
2925,2008-12-02,781.3,765.3,786.0,759.7,1.39K,0.0086
2926,2008-12-01,774.6,817.2,817.3,766.0,2.79K,-0.051
2927,2008-11-28,816.2,811.1,819.0,808.2,6.33K,0.0095
2928,2008-11-26,808.5,819.1,822.0,806.8,52.37K,-0.0121
2929,2008-11-25,818.4,818.4,818.4,818.4,-,-0.0012
2930,2008-11-24,819.4,819.9,824.0,819.9,0.00K,0.035
2931,2008-11-21,791.7,771.3,784.1,771.2,0.02K,0.0576
2932,2008-11-20,748.6,740.5,750.0,739.5,0.06K,0.0173
2933,2008-11-19,735.9,736.0,758.8,735.0,0.06K,0.0045
2934,2008-11-18,732.6,738.0,744.9,734.0,0.01K,-0.0125
2935,2008-11-17,741.9,741.9,741.9,741.9,-,-0.0007
2936,2008-11-14,742.4,726.5,747.1,726.5,0.01K,0.0532
2937,2008-11-13,704.9,714.3,715.5,707.0,0.92K,-0.0178
2938,2008-11-12,717.7,730.4,734.7,722.5,0.07K,-0.0195
2939,2008-11-11,732.0,734.2,735.6,729.8,0.04K,-0.0182
2940,2008-11-10,745.6,749.0,753.6,747.9,0.04K,0.0169
2941,2008-11-07,733.2,731.5,743.0,727.2,0.02K,0.0027
2942,2008-11-06,731.2,743.4,759.0,731.9,0.03K,-0.0136
2943,2008-11-05,741.3,757.4,757.4,739.0,0.02K,-0.0194
2944,2008-11-04,756.0,726.0,760.0,726.0,0.03K,0.0422
2945,2008-11-03,725.4,728.8,731.5,728.7,0.02K,0.012
2946,2008-10-31,716.8,731.4,736.0,718.4,0.02K,-0.0277
2947,2008-10-30,737.2,760.5,774.0,739.1,0.02K,-0.0207
2948,2008-10-29,752.8,750.8,750.8,750.8,0.00K,0.0183
2949,2008-10-28,739.3,731.0,748.8,730.6,0.01K,-0.0032
2950,2008-10-27,741.7,742.8,744.5,712.0,0.27K,0.0173
2951,2008-10-24,729.1,715.3,734.2,681.0,0.10K,0.0222
2952,2008-10-23,713.3,705.0,719.8,705.0,0.04K,-0.0273
2953,2008-10-22,733.3,771.7,771.7,721.0,0.24K,-0.0428
2954,2008-10-21,766.1,793.7,793.7,767.7,0.08K,-0.0273
2955,2008-10-20,787.6,803.8,803.8,787.5,0.02K,0.0032
2956,2008-10-17,785.1,798.0,807.0,773.8,0.06K,-0.0205
2957,2008-10-16,801.5,846.0,846.0,790.0,0.03K,-0.0407
2958,2008-10-15,835.5,839.5,848.7,831.6,0.12K,-0.001
2959,2008-10-14,836.3,848.1,848.1,833.5,0.05K,-0.0031
2960,2008-10-13,838.9,861.1,861.1,830.3,0.19K,-0.0193
2961,2008-10-10,855.4,925.7,925.7,843.0,0.10K,-0.0314
2962,2008-10-09,883.1,902.7,919.7,883.0,0.08K,-0.0221
2963,2008-10-08,903.1,879.7,915.5,877.7,0.31K,0.0281
2964,2008-10-07,878.4,862.1,883.0,858.2,0.04K,0.0182
2965,2008-10-06,862.7,828.8,868.8,826.0,0.51K,0.0408
2966,2008-10-03,828.9,832.5,844.3,823.0,0.23K,-0.012
2967,2008-10-02,839.0,870.4,870.4,829.3,0.46K,-0.0473
2968,2008-10-01,880.7,878.0,889.1,869.2,0.30K,0.0074
2969,2008-09-30,874.2,904.8,912.5,855.0,0.88K,-0.0158
2970,2008-09-29,888.2,871.3,919.0,866.4,2.94K,0.006
2971,2008-09-26,882.9,884.2,890.2,884.2,0.06K,0.0059
2972,2008-09-25,877.7,891.5,891.5,884.5,0.09K,-0.0127
2973,2008-09-24,889.0,879.5,891.3,879.5,0.19K,0.004
2974,2008-09-23,885.5,892.4,898.9,886.0,0.18K,-0.0204
2975,2008-09-22,903.9,888.8,908.1,888.8,0.02K,0.0503
2976,2008-09-19,860.6,860.6,860.6,860.6,0.11K,-0.036000000000000004
2977,2008-09-18,892.7,869.9,910.9,836.0,0.06K,0.0545
2978,2008-09-17,846.6,782.9,808.0,782.9,0.03K,0.0903
2979,2008-09-16,776.5,777.7,777.7,777.0,0.00K,-0.0084
2980,2008-09-15,783.1,778.1,778.6,764.0,0.02K,0.03
2981,2008-09-12,760.3,750.5,756.0,750.5,0.01K,0.0256
2982,2008-09-11,741.3,756.6,756.6,739.0,0.03K,-0.0219
2983,2008-09-10,757.9,776.6,781.0,752.8,0.06K,-0.0371
2984,2008-09-09,787.1,802.0,802.0,780.0,0.03K,-0.013
2985,2008-09-08,797.5,811.0,813.2,796.4,0.09K,-0.0001
2986,2008-09-05,797.6,794.7,809.0,794.0,0.09K,-0.0004
2987,2008-09-04,797.9,801.4,809.1,794.9,0.08K,-0.006
2988,2008-09-03,802.7,805.6,805.6,791.6,0.03K,-0.0029
2989,2008-09-02,805.0,829.9,840.7,790.8,0.19K,-0.0293
2990,2008-08-29,829.3,831.7,833.0,831.7,0.12K,-0.0019
2991,2008-08-28,830.9,828.0,842.6,824.5,0.50K,0.0034
2992,2008-08-27,828.1,830.3,830.3,825.3,0.03K,0.0072
2993,2008-08-26,822.2,826.0,826.0,826.0,0.14K,0.0029
2994,2008-08-25,819.8,819.8,819.8,819.8,0.04K,-0.0092
2995,2008-08-22,827.4,832.3,836.6,823.1,0.02K,-0.0067
2996,2008-08-21,833.0,825.8,835.6,825.8,0.10K,0.028
2997,2008-08-20,810.3,814.9,814.9,804.7,0.09K,-0.001
2998,2008-08-19,811.1,789.6,814.5,789.6,0.05K,0.0143
2999,2008-08-18,799.7,792.0,801.7,792.0,0.02K,0.0174
3000,2008-08-15,786.0,796.9,799.2,780.9,0.13K,-0.0275
3001,2008-08-14,808.2,831.4,831.9,805.0,0.07K,-0.0204
3002,2008-08-13,825.0,810.9,829.1,810.9,0.16K,0.0208
3003,2008-08-12,808.2,826.4,826.4,803.6,0.10K,-0.0162
3004,2008-08-11,821.5,858.3,863.4,818.0,0.29K,-0.0423
3005,2008-08-08,857.8,868.8,869.5,851.1,0.30K,-0.0148
3006,2008-08-07,870.7,882.2,883.8,870.3,0.34K,-0.0056
3007,2008-08-06,875.6,880.7,885.6,875.0,1.33K,-0.0034
3008,2008-08-05,878.6,895.4,895.4,873.3,0.79K,-0.0239
3009,2008-08-04,900.1,912.7,915.3,894.4,2.42K,-0.0098
3010,2008-08-01,909.0,904.9,916.1,902.1,1.83K,-0.0054
3011,2008-07-31,913.9,906.9,925.6,906.1,8.55K,0.0122
3012,2008-07-30,902.9,917.9,919.1,893.3,93.76K,-0.0147
3013,2008-07-29,916.4,916.2,917.7,916.2,0.01K,-0.0121
3014,2008-07-28,927.6,928.8,931.1,927.0,0.03K,0.0011
3015,2008-07-25,926.6,928.4,929.2,921.2,0.04K,0.005
3016,2008-07-24,922.0,920.9,926.4,920.9,0.05K,-0.0004
3017,2008-07-23,922.4,935.0,935.0,924.2,0.20K,-0.027000000000000003
3018,2008-07-22,948.0,973.0,974.9,973.0,0.00K,-0.0157
3019,2008-07-21,963.1,964.5,964.5,963.5,0.00K,0.0061
3020,2008-07-18,957.3,956.8,957.0,956.8,0.00K,-0.0131
3021,2008-07-17,970.0,957.3,976.2,957.3,0.04K,0.0085
3022,2008-07-16,961.8,960.0,960.0,960.0,0.00K,-0.0163
3023,2008-07-15,977.7,983.5,986.2,976.0,0.01K,0.0051
3024,2008-07-14,972.7,964.7,974.6,955.0,0.06K,0.0138
3025,2008-07-11,959.5,948.2,965.7,948.2,0.06K,0.0198
3026,2008-07-10,940.9,928.1,942.1,928.1,0.02K,0.0147
3027,2008-07-09,927.3,919.8,928.2,919.8,0.03K,0.0059
3028,2008-07-08,921.9,922.8,922.8,919.2,0.04K,-0.0058
3029,2008-07-07,927.3,931.4,931.4,915.4,0.14K,-0.0049
3030,2008-07-03,931.9,944.8,944.8,928.0,0.13K,-0.0137
3031,2008-07-02,944.8,938.8,944.8,933.1,0.06K,0.0024
3032,2008-07-01,942.5,943.6,945.8,938.0,0.03K,0.0176
3033,2008-06-30,926.2,927.7,933.7,922.3,0.14K,-0.0033
3034,2008-06-27,929.3,913.1,927.6,910.7,0.17K,0.0177
3035,2008-06-26,913.1,909.6,912.6,909.6,0.02K,0.0376
3036,2008-06-25,880.0,883.6,883.8,876.4,0.10K,-0.0103
3037,2008-06-24,889.2,889.6,891.2,885.5,0.06K,0.005
3038,2008-06-23,884.8,903.4,903.4,879.2,0.05K,-0.0183
3039,2008-06-20,901.3,903.8,907.3,901.0,0.02K,-0.0004
3040,2008-06-19,901.7,888.6,906.5,888.6,0.04K,0.0121
3041,2008-06-18,890.9,888.0,891.9,885.1,0.14K,0.0075
3042,2008-06-17,884.3,883.4,887.0,876.3,0.06K,0.0008
3043,2008-06-16,883.6,872.5,893.0,871.3,0.07K,0.0153
3044,2008-06-13,870.3,870.3,870.3,860.5,0.36K,0.0013
3045,2008-06-12,869.2,873.6,873.6,858.2,0.14K,-0.0119
3046,2008-06-11,879.7,869.5,882.0,869.5,0.15K,0.0136
3047,2008-06-10,867.9,886.6,886.6,866.0,0.46K,-0.03
3048,2008-06-09,894.7,900.7,908.9,890.5,1.93K,-0.0008
3049,2008-06-06,895.4,878.5,901.0,877.7,0.23K,0.0271
3050,2008-06-05,871.8,876.1,878.8,865.4,0.34K,-0.0092
3051,2008-06-04,879.9,879.5,886.1,876.0,0.61K,-0.0019
3052,2008-06-03,881.6,889.8,896.1,874.6,2.08K,-0.0127
3053,2008-06-02,892.9,887.3,898.0,881.8,2.13K,0.0063
3054,2008-05-30,887.3,880.2,888.5,868.6,6.67K,0.0115
3055,2008-05-29,877.2,903.0,903.2,872.1,64.62K,-0.0259
3056,2008-05-28,900.5,900.5,900.5,900.5,-,-0.0079
3057,2008-05-27,907.7,912.0,912.0,906.5,0.03K,-0.0193
3058,2008-05-23,925.6,916.9,924.7,916.0,0.00K,0.0084
3059,2008-05-22,917.9,917.6,917.6,917.6,0.00K,-0.0109
3060,2008-05-21,928.0,923.5,924.0,923.2,0.00K,0.0092
3061,2008-05-20,919.5,919.5,919.5,919.5,-,0.016
3062,2008-05-19,905.0,905.0,905.0,905.0,0.00K,0.0067
3063,2008-05-16,899.0,892.0,904.2,892.0,0.09K,0.0228
3064,2008-05-15,879.0,865.8,886.3,865.8,0.12K,0.0157
3065,2008-05-14,865.4,862.8,868.6,862.8,0.04K,-0.0036
3066,2008-05-13,868.5,862.9,870.4,862.9,0.02K,-0.0172
3067,2008-05-12,883.7,879.2,886.5,879.2,0.06K,-0.0009
3068,2008-05-09,884.5,883.9,884.7,883.9,0.03K,0.0044
3069,2008-05-08,880.6,871.0,883.3,871.0,0.07K,0.0126
3070,2008-05-07,869.6,868.0,869.4,864.8,0.04K,-0.0073
3071,2008-05-06,876.0,872.3,881.4,872.3,0.05K,0.0042
3072,2008-05-05,872.3,861.2,872.8,861.2,0.04K,0.0189
3073,2008-05-02,856.1,853.3,857.7,853.3,0.01K,0.0085
3074,2008-05-01,848.9,855.0,856.0,849.6,0.03K,-0.0161
3075,2008-04-30,862.8,868.7,875.2,863.0,0.09K,-0.013
3076,2008-04-29,874.2,890.6,890.6,869.6,0.14K,-0.0209
3077,2008-04-28,892.9,887.0,893.8,887.0,0.55K,0.0064
3078,2008-04-25,887.2,878.2,893.6,878.1,0.08K,0.0005
3079,2008-04-24,886.8,902.4,904.8,885.1,0.08K,-0.0214
3080,2008-04-23,906.2,916.8,921.5,898.8,0.11K,-0.0175
3081,2008-04-22,922.3,921.8,922.8,916.2,0.63K,0.0083
3082,2008-04-21,914.7,922.5,924.6,914.1,0.45K,0.0027
3083,2008-04-18,912.2,936.0,936.0,907.2,0.15K,-0.0294
3084,2008-04-17,939.8,944.3,947.9,938.7,0.21K,-0.0056
3085,2008-04-16,945.1,927.2,948.7,927.2,0.16K,0.0177
3086,2008-04-15,928.7,924.3,936.0,924.3,0.17K,0.0036
3087,2008-04-14,925.4,917.0,929.4,915.6,0.15K,0.0019
3088,2008-04-11,923.6,919.6,931.2,919.6,0.14K,-0.0051
3089,2008-04-10,928.3,931.3,939.2,922.4,0.41K,-0.0057
3090,2008-04-09,933.6,916.0,935.5,904.1,0.39K,0.0214
3091,2008-04-08,914.0,924.2,925.3,909.3,0.41K,-0.0094
3092,2008-04-07,922.7,915.3,927.2,912.3,2.09K,0.0151
3093,2008-04-04,909.0,904.7,914.9,898.8,0.28K,0.0044
3094,2008-04-03,905.0,901.2,907.5,889.6,0.98K,0.0109
3095,2008-04-02,895.2,884.0,906.5,881.2,2.37K,0.0139
3096,2008-04-01,882.9,915.0,919.8,871.8,3.20K,-0.0363
3097,2008-03-31,916.2,931.0,940.1,912.0,5.98K,-0.0155
3098,2008-03-28,930.6,947.5,951.1,921.8,64.01K,-0.0192
3099,2008-03-27,948.8,947.4,947.4,945.7,0.01K,-0.0002
3100,2008-03-26,949.0,949.6,949.6,949.6,0.00K,0.0154
3101,2008-03-25,934.6,931.5,933.5,927.2,0.10K,0.0178
3102,2008-03-24,918.3,915.5,922.0,915.2,0.07K,-0.0014
3103,2008-03-20,919.6,939.9,943.2,917.7,0.03K,-0.0266
3104,2008-03-19,944.7,979.3,979.3,938.4,0.08K,-0.0583
3105,2008-03-18,1003.2,1003.6,1010.0,978.2,0.03K,0.0018
3106,2008-03-17,1001.4,1005.0,1014.6,996.4,0.08K,0.0032
3107,2008-03-14,998.2,993.9,1004.6,993.0,0.03K,0.0059
3108,2008-03-13,992.3,983.7,998.5,983.7,0.01K,0.0138
3109,2008-03-12,978.8,973.6,979.3,973.5,0.01K,0.0047
3110,2008-03-11,974.2,975.7,976.7,971.5,0.01K,0.0044
3111,2008-03-10,969.9,975.5,976.8,964.7,0.09K,-0.0024
3112,2008-03-07,972.2,982.8,984.9,972.4,0.10K,-0.0029
3113,2008-03-06,975.0,984.3,987.7,973.4,0.05K,-0.0114
3114,2008-03-05,986.2,965.0,992.7,963.9,0.05K,0.0231
3115,2008-03-04,963.9,982.4,984.5,963.8,0.04K,-0.0179
3116,2008-03-03,981.5,984.2,986.9,979.7,0.03K,0.0097
3117,2008-02-29,972.1,971.4,973.1,963.5,0.04K,0.0079
3118,2008-02-28,964.5,957.4,972.1,954.4,0.24K,0.0066
3119,2008-02-27,958.2,960.0,960.0,955.0,0.11K,0.0128
3120,2008-02-26,946.1,931.3,949.0,931.3,0.22K,0.0091
3121,2008-02-25,937.6,946.5,948.9,933.0,0.31K,-0.0075
3122,2008-02-22,944.7,944.9,948.5,942.5,0.08K,-0.0015
3123,2008-02-21,946.1,940.1,953.4,940.1,0.14K,0.0123
3124,2008-02-20,934.6,926.5,945.0,919.6,0.07K,0.0086
3125,2008-02-19,926.6,904.3,928.8,900.5,0.17K,0.0264
3126,2008-02-15,902.8,910.1,913.6,898.7,0.58K,-0.0051
3127,2008-02-14,907.4,904.0,911.0,904.0,0.13K,0.001
3128,2008-02-13,906.5,903.0,909.4,897.2,0.09K,-0.001
3129,2008-02-12,907.4,921.0,924.8,904.2,0.28K,-0.0168
3130,2008-02-11,922.9,920.7,926.9,917.5,0.18K,0.0049
3131,2008-02-08,918.4,915.3,920.0,911.5,0.34K,0.0136
3132,2008-02-07,906.1,900.6,909.3,896.4,0.46K,0.006
3133,2008-02-06,900.7,887.9,910.0,887.5,0.43K,0.0167
3134,2008-02-05,885.9,905.1,905.2,884.7,0.48K,-0.021
3135,2008-02-04,904.9,903.7,912.0,892.5,1.49K,-0.0042
3136,2008-02-01,908.7,924.8,936.2,903.7,2.15K,-0.0152
3137,2008-01-31,922.7,928.2,928.3,918.3,4.29K,0.0023
3138,2008-01-30,920.6,924.4,936.3,915.3,68.82K,-0.0049
3139,2008-01-29,925.1,925.0,925.0,925.0,0.00K,-0.0022
3140,2008-01-28,927.1,916.6,922.0,914.5,0.03K,0.0182
3141,2008-01-25,910.5,910.5,910.5,910.5,-,0.0055
3142,2008-01-24,905.5,890.9,906.6,890.9,0.01K,0.0261
3143,2008-01-23,882.5,885.0,895.7,880.0,0.05K,-0.008
3144,2008-01-22,889.6,878.7,891.0,863.2,0.03K,0.01
3145,2008-01-18,880.8,871.8,886.8,871.0,0.03K,0.0015
3146,2008-01-17,879.5,888.2,888.2,876.8,0.01K,-0.0012
3147,2008-01-16,880.6,880.5,885.8,880.5,0.10K,-0.0226
3148,2008-01-15,901.0,887.6,887.6,887.6,0.10K,-0.0007
3149,2008-01-14,901.6,907.3,907.3,905.0,0.09K,0.0061
3150,2008-01-11,896.1,889.8,899.7,889.7,0.18K,0.0049
3151,2008-01-10,891.7,882.0,891.4,881.2,0.01K,0.0139
3152,2008-01-09,879.5,885.0,885.0,876.0,0.05K,0.0017
3153,2008-01-08,878.0,861.6,879.4,861.6,0.02K,0.0214
3154,2008-01-07,859.6,860.9,860.9,857.4,0.00K,-0.0041
3155,2008-01-04,863.1,861.4,865.5,860.2,0.03K,-0.0038
3156,2008-01-03,866.4,863.0,865.5,856.3,0.18K,0.011
3157,2008-01-02,857.0,848.7,857.8,846.4,0.13K,0.0265
3158,2007-12-31,834.9,843.2,843.2,843.2,0.00K,-0.0056
3159,2007-12-28,839.6,826.6,840.2,826.6,0.11K,0.0133
3160,2007-12-27,828.6,824.8,832.5,824.8,0.07K,0.0031
3161,2007-12-26,826.0,815.7,826.9,815.7,0.04K,0.0162
3162,2007-12-24,812.8,811.5,814.1,809.8,0.04K,0.0015
3163,2007-12-21,811.6,800.0,812.5,800.0,0.06K,0.0155
3164,2007-12-20,799.2,799.5,800.0,794.2,0.11K,-0.0024
3165,2007-12-19,801.1,799.2,804.0,799.1,0.07K,-0.0024
3166,2007-12-18,803.0,793.0,804.8,793.0,0.07K,0.0103
3167,2007-12-17,794.8,793.5,794.5,788.4,0.12K,0.0019
3168,2007-12-14,793.3,800.3,803.5,789.6,0.20K,-0.0071
3169,2007-12-13,799.0,810.3,810.3,792.7,0.20K,-0.0178
3170,2007-12-12,813.5,809.7,815.9,809.6,0.29K,0.0026
3171,2007-12-11,811.4,808.1,812.0,796.0,0.35K,0.0046
3172,2007-12-10,807.7,799.3,809.7,799.3,0.27K,0.0167
3173,2007-12-07,794.4,800.7,801.2,792.0,0.22K,-0.0085
3174,2007-12-06,801.2,794.4,804.8,786.5,0.33K,0.0046
3175,2007-12-05,797.5,802.2,803.9,791.7,0.39K,-0.0047
3176,2007-12-04,801.3,794.0,805.0,787.2,0.93K,0.0165
3177,2007-12-03,788.3,783.9,794.6,777.0,3.73K,0.0078
3178,2007-11-30,782.2,795.0,798.6,778.4,7.21K,-0.0165
3179,2007-11-29,795.3,804.0,807.8,791.9,66.67K,-0.006
3180,2007-11-28,800.1,800.1,800.1,800.1,-,-0.0167
3181,2007-11-27,813.7,823.2,824.8,812.5,0.03K,-0.0149
3182,2007-11-26,826.0,826.0,826.0,826.0,-,0.0024
3183,2007-11-23,824.0,824.0,824.0,824.0,-,0.0331
3184,2007-11-21,797.6,797.6,797.6,797.6,0.01K,0.0092
3185,2007-11-20,790.3,792.9,802.5,792.9,0.01K,0.0174
3186,2007-11-19,776.8,777.6,777.6,777.6,0.00K,-0.0113
3187,2007-11-16,785.7,785.7,785.7,785.7,-,-0.0003
3188,2007-11-15,785.9,794.5,794.5,793.7,0.00K,-0.0333
3189,2007-11-14,813.0,816.7,817.0,816.7,0.01K,0.0198
3190,2007-11-13,797.2,804.3,804.3,800.0,0.01K,-0.0107
3191,2007-11-12,805.8,803.9,803.9,798.7,0.00K,-0.0321
3192,2007-11-09,832.5,835.7,835.8,831.7,0.01K,-0.0032
3193,2007-11-08,835.2,829.8,841.3,829.8,0.01K,0.0051
3194,2007-11-07,831.0,830.0,831.2,830.0,0.00K,0.0124
3195,2007-11-06,820.8,821.9,825.3,821.9,0.00K,0.0157
3196,2007-11-05,808.1,804.6,804.6,804.2,0.02K,0.003
3197,2007-11-02,805.7,794.1,806.5,794.1,0.00K,0.019
3198,2007-11-01,790.7,785.3,791.3,785.3,0.00K,-0.0016
3199,2007-10-31,792.0,789.3,795.4,789.3,0.01K,0.0098
3200,2007-10-30,784.3,785.5,785.5,780.7,0.17K,-0.0061
3201,2007-10-29,789.1,793.8,793.8,787.3,0.05K,0.0066
3202,2007-10-26,783.9,771.4,783.4,771.4,0.08K,0.0216
3203,2007-10-25,767.3,767.9,767.9,767.9,0.01K,0.0075
3204,2007-10-24,761.6,758.2,758.2,753.5,0.06K,0.0034
3205,2007-10-23,759.0,756.0,756.0,756.0,0.01K,0.0042
3206,2007-10-22,755.8,766.7,766.7,751.9,0.06K,-0.0107
3207,2007-10-19,764.0,765.2,765.2,762.7,0.01K,-0.0001
3208,2007-10-18,764.1,765.8,765.8,765.8,0.01K,0.0087
3209,2007-10-17,757.5,760.0,760.0,757.0,0.05K,0.0007
3210,2007-10-16,757.0,762.4,762.4,756.1,0.15K,-0.0001
3211,2007-10-15,757.1,758.0,759.6,757.9,0.34K,0.0112
3212,2007-10-12,748.7,750.4,750.4,748.7,0.37K,-0.0035
3213,2007-10-11,751.3,747.4,749.7,746.0,0.18K,0.0147
3214,2007-10-10,740.4,740.9,741.0,740.7,0.03K,0.0041
3215,2007-10-09,737.4,736.1,736.5,735.5,0.04K,0.0063
3216,2007-10-08,732.8,735.2,737.0,732.4,0.09K,-0.0115
3217,2007-10-05,741.3,731.0,741.7,731.0,0.01K,0.0047
3218,2007-10-04,737.8,725.1,736.8,724.3,0.02K,0.0117
3219,2007-10-03,729.3,727.6,732.5,726.7,0.06K,-0.0007
3220,2007-10-02,729.8,746.5,746.5,726.5,0.32K,-0.0233
3221,2007-10-01,747.2,745.1,747.4,741.8,0.64K,0.0059
3222,2007-09-28,742.8,733.7,745.7,733.7,2.00K,0.0138
3223,2007-09-27,732.7,728.2,735.5,727.4,11.84K,0.006
3224,2007-09-26,728.3,728.3,728.3,728.3,-,-0.0045
3225,2007-09-25,731.6,731.6,731.6,731.6,0.06K,-0.0007
3226,2007-09-24,732.1,732.1,732.1,732.1,0.15K,0.001
3227,2007-09-21,731.4,731.4,731.4,731.4,0.01K,-0.0014
3228,2007-09-20,732.4,732.4,732.4,732.4,-,0.0144
3229,2007-09-19,722.0,724.6,724.6,724.6,0.01K,0.0087
3230,2007-09-18,715.8,715.8,715.8,715.8,0.10K,0.0
3231,2007-09-17,715.8,719.1,719.1,719.1,0.04K,0.0087
3232,2007-09-14,709.6,717.2,717.2,714.9,0.03K,0.0001
3233,2007-09-13,709.5,706.9,707.4,706.9,0.02K,-0.0034
3234,2007-09-12,711.9,713.9,713.9,712.5,0.01K,-0.0004
3235,2007-09-11,712.2,703.5,703.5,702.8,0.06K,0.0127
3236,2007-09-10,703.3,704.5,705.0,702.0,0.04K,0.0036
3237,2007-09-07,700.8,700.8,700.8,700.8,0.00K,0.0075
3238,2007-09-06,695.6,692.2,692.4,692.2,0.00K,0.0204
3239,2007-09-05,681.7,678.6,679.1,678.6,0.08K,-0.0012
3240,2007-09-04,682.5,682.5,682.5,682.5,-,0.0141
3241,2007-08-31,673.0,672.5,672.8,672.5,0.03K,0.012
3242,2007-08-30,665.0,665.5,666.5,665.5,0.19K,-0.002
3243,2007-08-29,666.3,667.0,667.7,667.0,0.00K,0.0029
3244,2007-08-28,664.4,665.5,665.9,664.2,0.02K,-0.0036
3245,2007-08-27,666.8,667.9,668.0,666.0,0.08K,-0.0018
3246,2007-08-24,668.0,662.1,668.8,662.1,0.21K,0.0138
3247,2007-08-23,658.9,663.6,663.7,663.2,0.14K,-0.0003
3248,2007-08-22,659.1,658.9,661.1,658.9,0.30K,0.0037
3249,2007-08-21,656.7,657.9,658.4,657.5,0.01K,0.0
3250,2007-08-20,656.7,658.6,660.0,658.6,0.19K,-0.0003
3251,2007-08-17,656.9,648.4,657.7,648.4,0.22K,0.0133
3252,2007-08-16,648.3,665.2,665.2,642.9,0.13K,-0.0308
3253,2007-08-15,668.9,665.0,669.7,662.5,0.85K,0.0004
3254,2007-08-14,668.6,665.0,670.5,665.0,0.11K,-0.0016
3255,2007-08-13,669.7,669.9,671.0,668.6,0.05K,-0.0009
3256,2007-08-10,670.3,659.5,673.4,659.5,1.10K,0.0135
3257,2007-08-09,661.4,667.8,667.8,661.4,0.38K,-0.0194
3258,2007-08-08,674.5,674.7,676.2,674.0,0.14K,0.0058
3259,2007-08-07,670.6,670.0,670.0,666.5,0.31K,-0.0013
3260,2007-08-06,671.5,672.1,672.1,668.8,0.21K,-0.0015
3261,2007-08-03,672.5,665.8,674.4,665.7,0.58K,0.0119
3262,2007-08-02,664.6,666.7,666.7,662.8,1.06K,0.0015
3263,2007-08-01,663.6,663.2,666.3,658.5,2.03K,-0.0049
3264,2007-07-31,666.9,665.0,668.3,662.6,5.77K,0.0042
3265,2007-07-30,664.1,659.9,665.2,659.3,36.53K,0.0062
3266,2007-07-27,660.0,660.0,660.0,660.0,-,-0.0038
3267,2007-07-26,662.5,662.5,662.5,662.5,-,-0.016
3268,2007-07-25,673.3,673.3,673.3,673.3,-,-0.0159
3269,2007-07-24,684.2,684.2,684.2,684.2,-,0.005
3270,2007-07-23,680.8,680.8,680.8,680.8,-,-0.0045
3271,2007-07-20,683.9,683.9,683.9,683.9,-,0.0099
3272,2007-07-19,677.2,677.2,677.2,677.2,-,0.0068
3273,2007-07-18,672.6,672.6,672.6,672.6,0.06K,0.0119
3274,2007-07-17,664.7,664.7,664.7,664.7,-,-0.0005
3275,2007-07-16,665.0,667.1,667.1,667.1,0.00K,-0.0012
3276,2007-07-13,665.8,666.7,666.7,666.7,0.01K,-0.0013
3277,2007-07-12,666.7,665.0,665.0,665.0,0.00K,0.0097
3278,2007-07-11,660.3,660.3,660.3,660.3,0.01K,-0.0033
3279,2007-07-10,662.5,662.5,662.5,662.5,-,0.003
3280,2007-07-09,660.5,660.5,660.5,660.5,0.01K,0.012
3281,2007-07-06,652.7,652.7,652.7,652.7,-,0.0066
3282,2007-07-05,648.4,648.4,648.4,648.4,0.02K,-0.0069
3283,2007-07-03,652.9,655.7,655.7,655.7,0.01K,-0.0055
3284,2007-07-02,656.5,656.8,656.8,656.8,0.00K,0.013
3285,2007-06-29,648.1,647.5,649.2,647.5,0.05K,0.0009
3286,2007-06-28,647.5,643.9,648.4,643.9,0.09K,0.009000000000000001
3287,2007-06-27,641.7,640.4,643.5,640.4,0.48K,-0.0006
3288,2007-06-26,642.1,647.6,647.6,640.0,0.06K,-0.0141
3289,2007-06-25,651.3,650.0,650.5,650.0,0.02K,-0.0034
3290,2007-06-22,653.5,649.9,649.9,649.9,0.00K,0.0045
3291,2007-06-21,650.6,648.6,648.6,648.6,0.01K,-0.0084
3292,2007-06-20,656.1,660.8,660.8,658.0,0.01K,-0.006999999999999999
3293,2007-06-19,660.7,656.2,660.2,653.0,0.04K,0.0075
3294,2007-06-18,655.8,657.9,658.2,655.7,0.06K,0.002
3295,2007-06-15,654.5,651.0,655.2,650.7,0.03K,0.0045
3296,2007-06-14,651.6,652.6,652.8,650.0,0.02K,0.0052
3297,2007-06-13,648.2,646.6,651.5,644.3,0.08K,-0.0005
3298,2007-06-12,648.5,653.8,653.8,646.9,0.06K,-0.0089
3299,2007-06-11,654.3,649.2,654.4,649.2,0.09K,0.0136
3300,2007-06-08,645.5,658.5,659.6,645.2,0.26K,-0.0221
3301,2007-06-07,660.1,671.4,671.4,658.3,0.28K,-0.0137
3302,2007-06-06,669.3,670.4,670.9,665.4,0.49K,-0.0004
3303,2007-06-05,669.6,672.1,674.0,669.3,0.24K,-0.0016
3304,2007-06-04,670.7,671.2,673.7,668.9,0.61K,-0.0007
3305,2007-06-01,671.2,661.5,672.0,660.8,1.50K,0.0154
3306,2007-05-31,661.0,652.5,662.0,652.5,8.07K,0.0121
3307,2007-05-30,653.1,655.7,658.4,651.5,49.92K,-0.0061
3308,2007-05-29,657.1,657.1,657.1,657.1,0.01K,0.0031
3309,2007-05-25,655.1,655.9,655.9,655.7,0.01K,0.0032
3310,2007-05-24,653.0,654.0,656.0,654.0,0.01K,-0.0134
3311,2007-05-23,661.9,661.9,661.9,661.9,-,0.0042
3312,2007-05-22,659.1,659.1,659.1,659.1,-,-0.0057
3313,2007-05-21,662.9,660.7,661.4,660.0,0.01K,0.0029
3314,2007-05-18,661.0,661.0,661.0,661.0,-,0.0073
3315,2007-05-17,656.2,656.2,656.2,656.2,-,-0.0061
3316,2007-05-16,660.2,660.2,660.2,660.2,-,-0.019
3317,2007-05-15,673.0,673.0,673.0,673.0,-,0.0067
3318,2007-05-14,668.5,668.5,668.5,668.5,-,-0.0031
3319,2007-05-11,670.6,670.6,670.6,670.6,-,0.0083
3320,2007-05-10,665.1,665.1,665.1,665.1,-,-0.0223
3321,2007-05-09,680.3,680.3,680.3,680.3,-,-0.006999999999999999
3322,2007-05-08,685.1,685.1,685.1,685.1,-,-0.0042
3323,2007-05-07,688.0,688.0,688.0,688.0,0.00K,0.0012
3324,2007-05-04,687.2,687.2,687.2,687.2,-,0.0079
3325,2007-05-03,681.8,681.8,681.8,681.8,-,0.0141
3326,2007-05-02,672.3,672.3,672.3,672.3,-,-0.0031
3327,2007-05-01,674.4,673.7,673.7,673.0,0.01K,-0.009000000000000001
3328,2007-04-30,680.5,680.0,680.0,677.3,0.01K,0.0027
3329,2007-04-27,678.7,673.0,678.3,673.0,0.06K,0.0056
3330,2007-04-26,674.9,684.5,686.8,673.5,0.11K,-0.0134
3331,2007-04-25,684.1,686.5,686.5,683.8,0.02K,-0.0001
3332,2007-04-24,684.2,689.4,691.3,683.0,0.22K,-0.0093
3333,2007-04-23,690.6,689.0,689.0,688.0,0.02K,-0.002
3334,2007-04-20,692.0,690.1,692.5,690.1,0.02K,0.0113
3335,2007-04-19,684.3,681.9,685.7,681.9,0.06K,-0.006999999999999999
3336,2007-04-18,689.1,689.1,690.6,687.0,0.01K,0.0013
3337,2007-04-17,688.2,689.0,689.4,687.2,0.03K,-0.0028
3338,2007-04-16,690.1,685.1,690.1,685.1,0.06K,0.0069
3339,2007-04-13,685.4,680.2,683.6,680.2,0.03K,0.0153
3340,2007-04-12,675.1,677.0,677.5,673.1,0.06K,-0.0025
3341,2007-04-11,676.8,678.3,680.3,674.8,0.03K,0.0004
3342,2007-04-10,676.5,673.9,681.5,673.9,0.03K,0.0068
3343,2007-04-09,671.9,671.1,677.5,671.1,0.04K,-0.0034
3344,2007-04-05,674.2,674.2,676.0,671.5,0.23K,0.0031
3345,2007-04-04,672.1,664.0,675.0,664.0,1.72K,0.0122
3346,2007-04-03,664.0,663.1,667.3,662.2,0.29K,-0.0026
3347,2007-04-02,665.7,665.5,665.5,656.1,1.47K,0.0041
3348,2007-03-30,663.0,661.2,667.7,659.1,4.62K,0.0023
3349,2007-03-29,661.5,665.9,666.2,654.6,37.43K,-0.0075
3350,2007-03-28,666.5,666.5,666.5,666.5,-,0.0066
3351,2007-03-27,662.1,662.1,662.1,662.1,-,-0.002
3352,2007-03-26,663.4,663.4,663.4,663.4,-,0.0102
3353,2007-03-23,656.7,656.7,656.7,656.7,0.20K,-0.0101
3354,2007-03-22,663.4,663.4,663.4,663.4,0.03K,0.0067
3355,2007-03-21,659.0,659.0,659.0,659.0,-,0.0017
3356,2007-03-20,657.9,657.9,657.9,657.9,-,0.0073
3357,2007-03-19,653.1,653.1,653.1,653.1,-,0.0008
3358,2007-03-16,652.6,652.9,652.9,652.7,0.02K,0.0107
3359,2007-03-15,645.7,645.7,645.7,645.7,-,0.0075
3360,2007-03-14,640.9,640.9,640.9,640.9,0.01K,-0.0103
3361,2007-03-13,647.6,647.6,647.6,647.6,0.02K,-0.0012
3362,2007-03-12,648.4,648.0,648.0,648.0,0.01K,-0.0025
3363,2007-03-09,650.0,648.5,649.2,648.5,0.32K,-0.0052
3364,2007-03-08,653.4,653.4,653.4,653.4,-,0.0043
3365,2007-03-07,650.6,650.6,650.6,650.6,0.01K,0.0106
3366,2007-03-06,643.8,644.5,644.5,641.3,0.02K,0.0112
3367,2007-03-05,636.7,640.2,640.2,640.0,0.02K,-0.0075
3368,2007-03-02,641.5,641.5,641.5,641.5,0.02K,-0.0314
3369,2007-03-01,662.3,673.0,673.0,673.0,0.00K,-0.0106
3370,2007-02-28,669.4,665.6,674.5,662.0,0.01K,-0.0212
3371,2007-02-27,683.9,684.0,687.7,668.5,0.15K,-0.0038
3372,2007-02-26,686.5,684.6,687.6,683.8,0.10K,0.005
3373,2007-02-23,683.1,678.3,685.3,674.0,0.15K,0.0054
3374,2007-02-22,679.4,676.5,679.3,676.5,0.34K,-0.0012
3375,2007-02-21,680.2,660.4,682.3,657.5,0.03K,0.0352
3376,2007-02-20,657.1,671.0,671.0,658.3,0.03K,-0.0175
3377,2007-02-16,668.8,664.5,668.4,664.5,0.03K,0.0022
3378,2007-02-15,667.3,668.5,668.5,663.0,0.09K,-0.0001
3379,2007-02-14,667.4,666.7,672.0,666.7,0.17K,0.0053
3380,2007-02-13,663.9,664.3,669.0,663.8,0.04K,0.002
3381,2007-02-12,662.6,664.3,665.9,661.0,0.07K,-0.0073
3382,2007-02-09,667.5,659.1,669.5,658.0,0.13K,0.0144
3383,2007-02-08,658.0,650.0,659.3,649.1,0.46K,0.0087
3384,2007-02-07,652.3,654.8,655.5,650.4,0.16K,-0.002
3385,2007-02-06,653.6,648.2,659.0,648.1,0.17K,0.0041
3386,2007-02-05,650.9,649.0,651.0,647.0,0.20K,0.0073
3387,2007-02-02,646.2,655.7,659.3,642.0,0.45K,-0.017
3388,2007-02-01,657.4,652.9,661.5,652.6,1.20K,0.0083
3389,2007-01-31,652.0,646.5,655.5,641.8,3.05K,0.0121
3390,2007-01-30,644.2,643.0,647.5,640.8,25.82K,0.0017
3391,2007-01-29,643.1,643.1,643.1,643.1,-,-0.0022
3392,2007-01-26,644.5,644.5,644.5,644.5,0.00K,-0.0051
3393,2007-01-25,647.8,647.8,647.8,647.8,-,0.0003
3394,2007-01-24,647.6,640.3,640.3,640.3,0.00K,0.0037
3395,2007-01-23,645.2,642.2,642.2,642.2,0.00K,0.0188
3396,2007-01-22,633.3,633.3,633.3,633.3,-,-0.0035
3397,2007-01-19,635.5,633.5,633.5,633.5,0.00K,0.0134
3398,2007-01-18,627.1,627.1,627.1,627.1,-,-0.0079
3399,2007-01-17,632.1,630.5,632.6,630.5,0.00K,0.012
3400,2007-01-16,624.6,624.6,624.6,624.6,0.00K,-0.0014
3401,2007-01-12,625.5,616.2,616.2,616.2,0.00K,0.0214
3402,2007-01-11,612.4,612.4,612.4,612.4,-,0.0013
3403,2007-01-10,611.6,611.6,611.6,611.6,-,-0.0024
3404,2007-01-09,613.1,607.0,607.0,607.0,0.00K,0.0092
3405,2007-01-08,607.5,607.5,607.5,607.5,1.00K,0.0043
3406,2007-01-05,604.9,623.7,623.7,617.3,0.53K,-0.0305
3407,2007-01-04,623.9,624.5,624.5,624.5,0.00K,-0.0051
3408,2007-01-03,627.1,640.4,640.4,628.5,0.04K,-0.0128
3409,2007-01-02,635.2,635.2,635.2,635.2,-,0.0
3410,2006-12-29,635.2,635.2,635.2,635.2,-,0.0017
3411,2006-12-28,634.1,627.1,627.1,626.0,0.02K,0.011
3412,2006-12-27,627.2,627.2,627.2,627.2,-,0.0056
3413,2006-12-26,623.7,625.1,628.0,623.0,0.06K,0.0074
3414,2006-12-22,619.1,619.0,619.0,618.7,0.12K,0.0015
3415,2006-12-21,618.2,620.8,620.8,618.0,0.02K,-0.0039
3416,2006-12-20,620.6,621.4,622.7,619.7,0.39K,-0.0016
3417,2006-12-19,621.6,616.5,620.9,616.5,0.04K,0.0124
3418,2006-12-18,614.0,614.0,616.5,612.0,0.06K,-0.0016
3419,2006-12-15,615.0,625.5,627.7,613.0,0.12K,-0.0185
3420,2006-12-14,626.6,628.0,628.5,627.5,0.04K,-0.0021
3421,2006-12-13,627.9,632.5,632.5,624.0,0.08K,0.0014
3422,2006-12-12,627.0,630.3,630.5,627.5,0.22K,-0.0048
3423,2006-12-11,630.0,623.0,629.7,622.4,0.47K,0.0062
3424,2006-12-08,626.1,633.3,636.5,626.0,0.10K,-0.0092
3425,2006-12-07,631.9,628.3,632.5,625.0,0.32K,0.0022
3426,2006-12-06,630.5,640.5,640.5,631.0,0.25K,-0.0184
3427,2006-12-05,642.3,644.3,648.0,640.5,0.21K,-0.0045
3428,2006-12-04,645.2,645.8,648.0,642.7,0.56K,0.0008
3429,2006-12-01,644.7,645.7,649.5,643.7,0.73K,-0.0034
3430,2006-11-30,646.9,635.0,648.0,635.0,2.33K,0.0179
3431,2006-11-29,635.5,638.4,640.3,634.5,29.11K,-0.0027
3432,2006-11-28,637.2,637.2,637.2,637.2,0.02K,-0.005
3433,2006-11-27,640.4,640.4,640.4,640.4,-,0.0186
3434,2006-11-24,628.7,628.7,628.7,628.7,-,0.0
3435,2006-11-22,628.7,628.7,628.7,628.7,-,0.0008
3436,2006-11-21,628.2,628.2,628.2,628.2,-,0.0113
3437,2006-11-20,621.2,621.2,621.2,621.2,-,-0.0005
3438,2006-11-17,621.5,617.5,617.5,617.5,0.01K,0.0015
3439,2006-11-16,620.6,620.6,620.6,620.6,-,-0.0031
3440,2006-11-15,622.5,622.5,622.5,622.5,0.00K,-0.0021
3441,2006-11-14,623.8,623.8,623.8,623.8,-,-0.0006
3442,2006-11-13,624.2,629.0,629.0,629.0,0.00K,-0.0067
3443,2006-11-10,628.4,628.4,628.4,628.4,-,-0.0104
3444,2006-11-09,635.0,617.0,617.0,617.0,0.00K,0.0302
3445,2006-11-08,616.4,616.4,616.4,616.4,-,-0.0149
3446,2006-11-07,625.7,625.7,625.7,625.7,-,-0.0002
3447,2006-11-06,625.8,625.8,625.8,625.8,-,-0.0018
3448,2006-11-03,626.9,626.9,626.9,626.9,-,0.0024
3449,2006-11-02,625.4,625.4,625.4,625.4,-,0.0143
3450,2006-11-01,616.6,612.5,612.5,612.5,0.01K,0.0207
3451,2006-10-31,604.1,604.1,604.1,604.1,-,-0.001
3452,2006-10-30,604.7,608.5,608.9,608.0,0.01K,0.0109
3453,2006-10-27,598.2,598.2,598.2,598.2,0.30K,0.0023
3454,2006-10-26,596.8,595.0,595.5,595.0,0.03K,0.0157
3455,2006-10-25,587.6,587.6,587.6,587.6,0.20K,0.0055
3456,2006-10-24,584.4,576.5,576.5,576.5,0.50K,0.0081
3457,2006-10-23,579.7,579.7,579.7,579.7,-,-0.0224
3458,2006-10-20,593.0,597.5,597.5,597.0,0.00K,-0.01
3459,2006-10-19,599.0,588.9,588.9,588.7,0.10K,0.0172
3460,2006-10-18,588.9,592.5,594.0,591.5,0.02K,-0.0014
3461,2006-10-17,589.7,588.5,588.5,588.5,0.01K,-0.0084
3462,2006-10-16,594.7,593.5,594.5,593.5,0.21K,0.01
3463,2006-10-13,588.8,585.5,585.5,585.5,0.01K,0.0217
3464,2006-10-12,576.3,575.0,575.0,575.0,0.01K,0.006999999999999999
3465,2006-10-11,572.3,578.0,578.0,578.0,0.00K,0.0007
3466,2006-10-10,571.9,574.5,574.5,568.0,0.14K,-0.0112
3467,2006-10-09,578.4,578.0,578.0,578.0,0.09K,0.0105
3468,2006-10-06,572.4,572.0,572.5,560.5,0.02K,0.0025
3469,2006-10-05,571.0,565.9,575.0,565.9,0.02K,0.016
3470,2006-10-04,562.0,573.9,576.1,561.0,4.58K,-0.0248
3471,2006-10-03,576.3,591.9,591.9,580.0,0.16K,-0.0358
3472,2006-10-02,597.7,598.9,604.0,598.0,0.11K,-0.0015
3473,2006-09-29,598.6,605.1,605.1,595.0,0.66K,-0.0106
3474,2006-09-28,605.0,597.7,606.2,597.7,8.71K,0.0129
3475,2006-09-27,597.3,597.3,597.3,597.3,-,0.0103
3476,2006-09-26,591.2,591.2,591.2,591.2,-,0.0022
3477,2006-09-25,589.9,589.9,589.9,589.9,-,0.0008
3478,2006-09-22,589.4,589.4,589.4,589.4,-,0.0124
3479,2006-09-21,582.2,582.2,582.2,582.2,-,0.0038
3480,2006-09-20,580.0,584.0,584.0,584.0,0.00K,0.0055
3481,2006-09-19,576.8,576.8,576.8,576.8,-,-0.016
3482,2006-09-18,586.2,586.2,586.2,586.2,-,0.017
3483,2006-09-15,576.4,576.4,576.4,576.4,-,-0.005
3484,2006-09-14,579.3,579.3,579.3,579.3,-,-0.0166
3485,2006-09-13,589.1,589.1,589.1,589.1,-,0.0036
3486,2006-09-12,587.0,591.0,591.0,591.0,0.01K,-0.0051
3487,2006-09-11,590.0,590.0,590.0,590.0,-,-0.0322
3488,2006-09-08,609.6,609.6,609.6,609.6,-,-0.012
3489,2006-09-07,617.0,617.0,617.0,617.0,-,-0.026
3490,2006-09-06,633.5,633.5,633.5,633.5,0.10K,-0.0078
3491,2006-09-05,638.5,638.5,638.5,638.5,0.02K,0.0226
3492,2006-09-01,624.4,624.4,624.4,624.4,-,-0.0024
3493,2006-08-31,625.9,625.9,625.9,625.9,-,0.0133
3494,2006-08-30,617.7,615.6,618.0,614.7,0.03K,0.0115
3495,2006-08-29,610.7,616.8,616.8,610.5,0.45K,-0.0075
3496,2006-08-28,615.3,621.7,621.7,614.0,0.05K,-0.0108
3497,2006-08-25,622.0,622.5,623.5,621.8,0.17K,0.004
3498,2006-08-24,619.5,621.6,624.5,618.0,0.04K,-0.0067
3499,2006-08-23,623.7,626.0,628.0,623.2,0.02K,-0.0014
3500,2006-08-22,624.6,626.0,628.0,623.5,0.02K,-0.0018
3501,2006-08-21,625.7,613.6,626.5,613.6,0.12K,0.0222
3502,2006-08-18,612.1,614.2,617.0,609.0,0.10K,-0.0054
3503,2006-08-17,615.4,627.5,628.5,615.5,0.30K,-0.0212
3504,2006-08-16,628.7,631.0,631.0,627.0,0.21K,0.01
3505,2006-08-15,622.5,625.0,625.5,622.0,0.12K,-0.0095
3506,2006-08-14,628.5,629.9,629.9,626.2,0.15K,-0.0079
3507,2006-08-11,633.5,638.0,642.0,626.0,0.60K,-0.0022
3508,2006-08-10,634.9,650.2,651.3,634.0,0.13K,-0.024
3509,2006-08-09,650.5,645.0,654.5,638.5,0.07K,0.0074
3510,2006-08-08,645.7,642.5,646.8,640.0,0.04K,-0.0032
3511,2006-08-07,647.8,651.2,652.0,646.5,0.14K,0.0059
3512,2006-08-04,644.0,646.0,653.5,643.0,0.10K,-0.0014
3513,2006-08-03,644.9,651.0,651.0,638.0,0.43K,-0.0103
3514,2006-08-02,651.6,645.8,656.0,644.7,0.41K,0.0082
3515,2006-08-01,646.3,635.4,646.5,629.5,1.36K,0.0191
3516,2006-07-31,634.2,634.2,638.0,627.0,3.18K,-0.0009
3517,2006-07-28,634.8,632.5,636.6,625.0,27.65K,0.0038
3518,2006-07-27,632.4,632.4,632.4,632.4,-,0.0174
3519,2006-07-26,621.6,621.6,621.6,621.6,0.00K,0.0065
3520,2006-07-25,617.6,617.6,617.6,617.6,-,0.008
3521,2006-07-24,612.7,612.7,612.7,612.7,-,-0.0111
3522,2006-07-21,619.6,619.6,619.6,619.6,0.60K,-0.0192
3523,2006-07-20,631.7,631.7,631.7,631.7,-,-0.0154
3524,2006-07-19,641.6,641.6,641.6,641.6,-,0.0212
3525,2006-07-18,628.3,628.3,628.3,628.3,-,-0.0343
3526,2006-07-17,650.6,675.1,677.0,675.1,0.04K,-0.024
3527,2006-07-14,666.6,666.6,666.6,666.6,-,0.021
3528,2006-07-13,652.9,652.9,652.9,652.9,-,0.0054
3529,2006-07-12,649.4,649.4,649.4,649.4,-,0.0128
3530,2006-07-11,641.2,641.2,641.2,641.2,-,0.0274
3531,2006-07-10,624.1,624.1,624.1,624.1,-,-0.0137
3532,2006-07-07,632.8,632.8,632.8,632.8,-,-0.0021
3533,2006-07-06,634.1,624.0,624.0,624.0,0.01K,0.0108
3534,2006-07-05,627.3,627.3,627.3,627.3,0.09K,0.0225
3535,2006-07-03,613.5,613.5,613.5,613.5,0.02K,0.0
3536,2006-06-30,613.5,609.0,614.5,609.0,-,0.046
3537,2006-06-29,586.5,586.5,586.5,586.5,0.10K,0.0142
3538,2006-06-28,578.3,585.5,586.0,580.0,0.04K,-0.0057
3539,2006-06-27,581.6,589.0,589.0,589.0,0.04K,-0.0055
3540,2006-06-26,584.8,583.0,584.0,580.0,0.13K,0.0
3541,2006-06-23,584.8,579.0,584.0,577.0,0.02K,0.0045
3542,2006-06-22,582.2,588.0,588.0,587.0,0.01K,-0.009000000000000001
3543,2006-06-21,587.5,572.0,585.0,572.0,0.06K,0.0184
3544,2006-06-20,576.9,571.0,571.0,568.0,0.00K,0.0142
3545,2006-06-19,568.8,568.8,568.8,568.8,0.01K,-0.0159
3546,2006-06-16,578.0,574.0,574.7,572.0,0.00K,0.0203
3547,2006-06-15,566.5,557.3,577.0,557.3,0.14K,0.0075
3548,2006-06-14,562.3,555.0,571.0,555.0,0.24K,-0.0004
3549,2006-06-13,562.5,605.6,605.6,568.0,0.21K,-0.073
3550,2006-06-12,606.8,606.0,610.0,606.0,0.02K,-0.0023
3551,2006-06-09,608.2,610.0,615.8,606.9,0.07K,-0.0015
3552,2006-06-08,609.1,627.6,627.6,608.5,0.53K,-0.0292
3553,2006-06-07,627.4,629.2,629.8,617.5,0.79K,-0.0032
3554,2006-06-06,629.4,643.4,643.4,625.0,0.36K,-0.0215
3555,2006-06-05,643.2,635.5,645.0,635.5,0.61K,0.0121
3556,2006-06-02,635.5,628.0,637.5,622.6,1.15K,0.0126
3557,2006-06-01,627.6,642.8,645.1,620.0,1.68K,-0.0232
3558,2006-05-31,642.5,651.0,658.5,638.0,5.03K,-0.0174
3559,2006-05-30,653.9,650.7,664.5,648.2,51.46K,0.0046
3560,2006-05-26,650.9,650.9,650.9,650.9,-,0.0039
3561,2006-05-25,648.4,648.4,648.4,648.4,-,0.0179
3562,2006-05-24,637.0,637.0,637.0,637.0,-,-0.0535
3563,2006-05-23,673.0,673.0,673.0,673.0,-,0.0244
3564,2006-05-22,657.0,657.0,657.0,657.0,-,0.0005
3565,2006-05-19,656.7,656.7,656.7,656.7,-,-0.0337
3566,2006-05-18,679.6,679.6,679.6,679.6,-,-0.0158
3567,2006-05-17,690.5,690.5,690.5,690.5,-,-0.0014
3568,2006-05-16,691.5,691.5,691.5,691.5,-,0.0116
3569,2006-05-15,683.6,683.6,683.6,683.6,-,-0.0376
3570,2006-05-12,710.3,714.0,714.0,706.0,0.03K,-0.0132
3571,2006-05-11,719.8,723.0,723.0,723.0,0.01K,0.0229
3572,2006-05-10,703.7,695.5,695.5,695.5,0.00K,0.0061
3573,2006-05-09,699.4,679.0,679.0,679.0,0.01K,0.0319
3574,2006-05-08,677.8,679.0,679.0,679.0,0.00K,-0.0064
3575,2006-05-05,682.2,682.2,682.2,682.2,-,0.0119
3576,2006-05-04,674.2,674.2,674.2,674.2,0.00K,0.0125
3577,2006-05-03,665.9,669.2,669.2,669.2,0.00K,0.0018
3578,2006-05-02,664.7,666.0,666.0,666.0,0.00K,0.011
3579,2006-05-01,657.5,658.0,658.0,658.0,0.01K,0.0087
3580,2006-04-28,651.8,651.8,651.8,651.8,-,0.0292
3581,2006-04-27,633.3,636.5,636.5,636.5,0.01K,-0.0086
3582,2006-04-26,638.8,635.0,639.5,635.0,0.08K,0.0124
3583,2006-04-25,631.0,620.6,632.0,620.6,0.11K,0.0168
3584,2006-04-24,620.6,634.0,634.0,620.0,0.29K,-0.0183
3585,2006-04-21,632.2,615.0,635.0,611.2,0.22K,0.02
3586,2006-04-20,619.8,640.0,642.0,611.0,0.54K,-0.0202
3587,2006-04-19,632.6,620.5,632.0,620.5,0.10K,0.0203
3588,2006-04-18,620.0,614.6,620.5,614.6,0.50K,0.0075
3589,2006-04-17,615.4,605.0,616.5,605.0,1.13K,0.0317
3590,2006-04-13,596.5,596.5,597.5,592.0,0.11K,-0.0017
3591,2006-04-12,597.5,597.3,600.0,597.3,0.04K,0.0039
3592,2006-04-11,595.2,602.0,604.0,595.0,0.70K,-0.004
3593,2006-04-10,597.6,589.0,599.0,589.0,0.32K,0.0156
3594,2006-04-07,588.4,595.5,598.3,585.5,0.45K,-0.0114
3595,2006-04-06,595.2,588.0,595.6,588.0,0.86K,0.0124
3596,2006-04-05,587.9,587.0,590.8,582.6,0.74K,0.0032
3597,2006-04-04,586.0,588.0,590.5,585.5,1.29K,-0.0058
3598,2006-04-03,589.4,582.0,592.0,582.0,0.73K,0.0131
3599,2006-03-31,581.8,586.8,589.6,579.0,2.85K,-0.0084
3600,2006-03-30,586.7,572.6,587.4,571.3,25.21K,0.0239
3601,2006-03-29,573.0,573.0,573.0,573.0,0.00K,0.0113
3602,2006-03-28,566.6,566.6,566.6,566.6,-,-0.0007
3603,2006-03-27,567.0,567.0,567.0,567.0,-,0.0125
3604,2006-03-24,560.0,560.0,560.0,560.0,-,0.018000000000000002
3605,2006-03-23,550.1,550.1,550.1,550.1,0.55K,-0.0015
3606,2006-03-22,550.9,550.9,550.9,550.9,0.30K,-0.0027
3607,2006-03-21,552.4,552.4,552.4,552.4,-,-0.005
3608,2006-03-20,555.2,555.2,555.2,555.2,-,0.002
3609,2006-03-17,554.1,554.1,554.1,554.1,-,-0.0005
3610,2006-03-16,554.4,554.4,554.4,554.4,-,0.0024
3611,2006-03-15,553.1,553.1,553.1,553.1,-,0.0025
3612,2006-03-14,551.7,551.7,551.7,551.7,-,0.0103
3613,2006-03-13,546.1,541.0,542.5,541.0,0.00K,0.0115
3614,2006-03-10,539.9,539.9,539.9,539.9,0.00K,-0.0103
3615,2006-03-09,545.5,545.0,545.2,544.3,0.03K,0.0055
3616,2006-03-08,542.5,540.0,540.0,540.0,-,-0.0185
3617,2006-03-07,552.7,554.5,554.5,554.0,0.00K,-0.004
3618,2006-03-06,554.9,554.9,554.9,554.9,-,-0.0196
3619,2006-03-03,566.0,569.8,569.8,568.7,0.00K,-0.0039
3620,2006-03-02,568.2,568.2,568.2,568.2,-,0.0083
3621,2006-03-01,563.5,562.5,564.5,562.5,0.00K,0.0034
3622,2006-02-28,561.6,553.1,558.0,553.1,0.05K,0.0124
3623,2006-02-27,554.7,556.1,556.1,552.5,0.02K,-0.0073
3624,2006-02-24,558.8,547.5,560.0,547.5,0.15K,0.019
3625,2006-02-23,548.4,554.5,555.5,548.5,0.17K,-0.0099
3626,2006-02-22,553.9,552.6,554.8,551.0,0.25K,0.0
3627,2006-02-21,553.9,550.5,556.5,550.5,0.09K,0.0038
3628,2006-02-17,551.8,548.0,552.5,546.0,0.06K,0.0106
3629,2006-02-16,546.0,539.0,546.0,537.2,0.10K,0.0117
3630,2006-02-15,539.7,544.9,545.0,538.0,0.15K,-0.0114
3631,2006-02-14,545.9,538.0,546.0,535.5,0.14K,0.0128
3632,2006-02-13,539.0,548.5,549.5,540.0,0.65K,-0.0204
3633,2006-02-10,550.2,561.9,561.9,548.0,0.22K,-0.0253
3634,2006-02-09,564.5,549.9,565.0,549.9,0.23K,0.0262
3635,2006-02-08,550.1,551.0,553.3,545.5,0.76K,-0.0016
3636,2006-02-07,551.0,569.5,571.0,550.6,1.28K,-0.0337
3637,2006-02-06,570.2,568.4,574.0,567.5,0.65K,0.0049
3638,2006-02-03,567.4,571.5,574.2,565.0,0.69K,-0.0089
3639,2006-02-02,572.5,569.8,575.3,568.0,0.89K,0.0054
3640,2006-02-01,569.4,571.6,571.6,563.0,3.77K,-0.0025
3641,2006-01-31,570.8,566.5,572.7,565.0,6.75K,0.0088
3642,2006-01-30,565.8,559.2,566.0,557.6,35.18K,0.0127
3643,2006-01-27,558.7,558.7,558.7,558.7,-,-0.0018
3644,2006-01-26,559.7,559.7,559.7,559.7,-,-0.0044
3645,2006-01-25,562.2,562.2,562.2,562.2,-,0.0081
3646,2006-01-24,557.7,555.0,555.0,555.0,0.00K,-0.0011
3647,2006-01-23,558.3,555.0,555.0,555.0,0.00K,0.0087
3648,2006-01-20,553.5,553.5,553.5,553.5,-,-0.0088
3649,2006-01-19,558.4,552.0,552.0,551.0,0.02K,0.027000000000000003
3650,2006-01-18,543.7,543.7,543.7,543.7,0.05K,-0.0175
3651,2006-01-17,553.4,553.4,553.4,553.4,-,-0.0049
3652,2006-01-13,556.1,556.1,556.1,556.1,-,0.0142
3653,2006-01-12,548.3,548.3,548.3,548.3,-,-0.0009
3654,2006-01-11,548.8,548.8,548.8,548.8,-,0.0083
3655,2006-01-10,544.3,544.3,544.3,544.3,0.00K,-0.0087
3656,2006-01-09,549.1,549.1,549.1,549.1,-,0.0174
3657,2006-01-06,539.7,539.7,539.7,539.7,-,0.0255
3658,2006-01-05,526.3,529.0,529.0,526.0,0.01K,-0.0142
3659,2006-01-04,533.9,533.6,533.6,533.5,0.01K,0.006
3660,2006-01-03,530.7,518.6,528.5,518.6,0.01K,0.0233
3661,2006-01-02,518.6,518.6,518.6,518.6,-,0.0029
3662,2005-12-30,517.1,517.1,517.1,517.1,-,0.0027
3663,2005-12-29,515.7,515.7,515.7,515.7,0.00K,0.0029
3664,2005-12-28,514.2,516.9,517.3,516.9,0.06K,0.0122
3665,2005-12-27,508.0,508.7,509.0,506.0,0.06K,0.0099
3666,2005-12-23,503.0,502.3,505.7,502.3,0.04K,0.0006
3667,2005-12-22,502.7,495.5,503.0,490.1,1.63K,0.0197
3668,2005-12-21,493.0,495.5,495.5,490.1,0.06K,-0.0032
3669,2005-12-20,494.6,506.9,506.9,496.0,0.12K,-0.0179
3670,2005-12-19,503.6,509.5,509.5,504.5,0.15K,0.0004
3671,2005-12-16,503.4,503.9,508.0,495.2,0.28K,-0.001
3672,2005-12-15,503.9,506.0,509.0,501.0,0.38K,-0.0051
3673,2005-12-14,506.5,521.0,521.0,506.0,0.71K,-0.0278
3674,2005-12-13,521.0,528.4,530.7,520.0,0.58K,-0.014
3675,2005-12-12,528.4,526.5,538.5,526.5,1.00K,0.0027
3676,2005-12-09,527.0,520.4,531.0,520.0,0.47K,0.0148
3677,2005-12-08,519.3,514.6,519.8,512.0,0.34K,0.0097
3678,2005-12-07,514.3,510.7,517.0,509.3,0.99K,0.008
3679,2005-12-06,510.2,509.2,511.2,504.5,0.72K,0.0026
3680,2005-12-05,508.9,504.5,509.7,503.5,0.43K,0.0111
3681,2005-12-02,503.3,503.0,507.0,500.0,1.61K,0.0016
3682,2005-12-01,502.5,494.2,503.0,490.5,2.67K,0.016
3683,2005-11-30,494.6,499.1,500.0,492.3,5.69K,-0.009000000000000001
3684,2005-11-29,499.1,498.7,502.3,494.3,42.52K,0.0016
3685,2005-11-28,498.3,502.2,502.2,502.2,0.00K,0.0126
3686,2005-11-23,492.1,492.1,492.1,492.1,-,-0.001
3687,2005-11-22,492.6,492.6,492.6,492.6,0.00K,0.0074
3688,2005-11-21,489.0,489.0,489.0,489.0,-,0.006999999999999999
3689,2005-11-18,485.6,485.6,485.6,485.6,-,-0.0012
3690,2005-11-17,486.2,486.0,486.0,486.0,0.04K,0.0165
3691,2005-11-16,478.3,478.3,478.3,478.3,-,0.0218
3692,2005-11-15,468.1,468.1,468.1,468.1,0.05K,-0.0002
3693,2005-11-14,468.2,468.2,468.2,468.2,-,-0.0002
3694,2005-11-11,468.3,468.3,468.3,468.3,-,0.0036
3695,2005-11-10,466.6,466.6,466.6,466.6,-,0.0006
3696,2005-11-09,466.3,466.3,466.3,466.3,0.10K,0.0117
3697,2005-11-08,460.9,458.5,458.5,458.5,0.01K,0.0041
3698,2005-11-07,459.0,459.0,459.0,459.0,-,0.0059
3699,2005-11-04,456.3,455.3,455.3,455.3,0.00K,-0.0083
3700,2005-11-03,460.1,460.1,460.1,460.1,-,-0.0058
3701,2005-11-02,462.8,462.8,462.8,462.8,0.00K,0.0087
3702,2005-11-01,458.8,463.0,463.0,460.0,0.01K,-0.0135
3703,2005-10-31,465.1,471.1,471.1,471.1,0.00K,-0.0167
3704,2005-10-28,473.0,473.5,473.5,471.6,0.00K,-0.0017
3705,2005-10-27,473.8,471.0,475.5,471.0,0.06K,0.0055
3706,2005-10-26,471.2,472.5,473.5,471.5,0.16K,-0.0034
3707,2005-10-25,472.8,465.0,474.0,465.0,0.02K,0.0168
3708,2005-10-24,465.0,465.5,465.5,465.5,0.00K,-0.0043
3709,2005-10-21,467.0,462.0,462.0,462.0,0.01K,0.013
3710,2005-10-20,461.0,465.0,465.0,460.5,0.01K,-0.0054
3711,2005-10-19,463.5,471.0,471.0,465.0,0.05K,-0.0182
3712,2005-10-18,472.1,472.0,472.5,472.0,0.01K,-0.0042
3713,2005-10-17,474.1,473.0,475.0,473.0,0.02K,0.0104
3714,2005-10-14,469.2,469.3,469.3,467.0,0.11K,-0.004
3715,2005-10-13,471.1,472.0,472.0,468.3,0.05K,-0.0059
3716,2005-10-12,473.9,478.5,478.5,473.3,0.05K,-0.0067
3717,2005-10-11,477.1,475.2,477.5,475.2,0.10K,0.0042
3718,2005-10-10,475.1,474.8,477.3,473.6,0.25K,0.0008
3719,2005-10-07,474.7,473.0,475.5,470.0,0.10K,0.0059
3720,2005-10-06,471.9,465.6,471.6,465.6,0.24K,0.0124
3721,2005-10-05,466.1,465.0,465.0,463.5,0.23K,0.0
3722,2005-10-04,466.1,466.8,468.8,465.3,0.21K,0.0
3723,2005-10-03,466.1,467.8,468.0,464.2,0.49K,-0.0062
3724,2005-09-30,469.0,472.7,474.0,468.5,2.93K,-0.006999999999999999
3725,2005-09-29,472.3,469.5,473.8,468.0,7.80K,0.0055
3726,2005-09-28,469.7,469.7,469.7,469.7,-,0.0153
3727,2005-09-27,462.6,462.6,462.6,462.6,-,-0.0071
3728,2005-09-26,465.9,465.9,465.9,465.9,-,0.0052
3729,2005-09-23,463.5,463.5,463.5,463.5,-,-0.0066
3730,2005-09-22,466.6,467.5,467.5,467.5,-,-0.0049
3731,2005-09-21,468.9,468.9,468.9,468.9,0.00K,0.0058
3732,2005-09-20,466.2,466.2,466.2,466.2,0.00K,-0.0011
3733,2005-09-19,466.7,466.7,466.7,466.7,-,0.0157
3734,2005-09-16,459.5,459.5,459.5,459.5,-,0.0088
3735,2005-09-15,455.5,455.5,455.5,455.5,-,0.0127
3736,2005-09-14,449.8,449.8,449.8,449.8,-,0.0083
3737,2005-09-13,446.1,446.1,446.1,446.1,-,-0.008
3738,2005-09-12,449.7,449.7,449.7,449.7,-,0.0016
3739,2005-09-09,449.0,449.0,449.0,449.0,-,0.0051
3740,2005-09-08,446.7,446.7,446.7,446.7,0.01K,0.004
3741,2005-09-07,444.9,444.7,444.7,444.7,1.01K,0.0011
3742,2005-09-06,444.4,444.4,444.4,444.4,-,0.0005
3743,2005-09-02,444.2,444.2,444.2,444.2,-,0.0043
3744,2005-09-01,442.3,438.5,442.5,438.5,0.00K,0.0196
3745,2005-08-31,433.8,433.8,433.8,433.8,0.01K,0.006
3746,2005-08-30,431.2,431.2,431.2,431.2,-,-0.0133
3747,2005-08-29,437.0,438.5,439.5,437.3,0.04K,-0.0009
3748,2005-08-26,437.4,438.4,439.0,438.4,0.05K,-0.0023
3749,2005-08-25,438.4,438.5,438.5,438.0,0.05K,0.0025
3750,2005-08-24,437.3,439.7,439.7,437.0,0.03K,-0.0048
3751,2005-08-23,439.4,438.8,438.8,438.5,0.00K,0.003
3752,2005-08-22,438.1,437.0,439.0,437.0,0.01K,0.0021
3753,2005-08-19,437.2,439.1,439.6,438.0,0.07K,-0.0052
3754,2005-08-18,439.5,440.4,440.4,438.5,0.05K,-0.0009
3755,2005-08-17,439.9,442.5,443.3,439.5,0.28K,-0.0139
3756,2005-08-16,446.1,441.7,442.5,441.7,0.23K,0.0088
3757,2005-08-15,442.2,441.4,442.5,441.4,0.06K,-0.0083
3758,2005-08-12,445.9,445.8,449.5,444.5,0.17K,0.0009
3759,2005-08-11,445.5,437.2,446.5,437.2,0.31K,0.0206
3760,2005-08-10,436.5,434.9,437.0,434.9,0.19K,0.0053
3761,2005-08-09,434.2,432.5,434.4,432.5,0.05K,-0.0012
3762,2005-08-08,434.7,437.0,437.0,434.0,0.05K,-0.0057
3763,2005-08-05,437.2,437.7,438.5,437.0,0.00K,-0.0016
3764,2005-08-04,437.9,436.5,439.0,436.1,0.09K,0.0023
3765,2005-08-03,436.9,431.5,437.5,430.7,0.27K,0.0116
3766,2005-08-02,431.9,431.7,433.0,430.8,0.21K,0.0
3767,2005-08-01,431.9,430.0,432.3,429.1,0.78K,0.0047
3768,2005-07-29,429.9,427.7,430.5,427.0,3.61K,0.0058
3769,2005-07-28,427.4,425.0,428.6,424.4,40.68K,0.0064
3770,2005-07-27,424.7,424.7,424.7,424.7,-,0.0031
3771,2005-07-26,423.4,423.4,423.4,423.4,-,-0.0054
3772,2005-07-25,425.7,425.7,425.7,425.7,0.00K,0.0024
3773,2005-07-22,424.7,424.7,424.7,424.7,-,-0.0016
3774,2005-07-21,425.4,425.4,425.4,425.4,-,0.0088
3775,2005-07-20,421.7,421.7,421.7,421.7,-,0.0048
3776,2005-07-19,419.7,419.7,419.7,419.7,-,-0.0019
3777,2005-07-18,420.5,420.5,420.5,420.5,-,-0.0005
3778,2005-07-15,420.7,420.7,420.7,420.7,-,0.0026
3779,2005-07-14,419.6,419.6,419.6,419.6,-,-0.0101
3780,2005-07-13,423.9,423.9,423.9,423.9,0.07K,-0.0056
3781,2005-07-12,426.3,426.3,426.3,426.3,-,0.0019
3782,2005-07-11,425.5,425.5,425.5,425.5,-,0.0061
3783,2005-07-08,422.9,422.9,422.9,422.9,-,-0.0009
3784,2005-07-07,423.3,423.3,423.3,423.3,0.13K,-0.0005
3785,2005-07-06,423.5,423.5,423.8,423.5,0.02K,0.0014
3786,2005-07-05,422.9,422.9,422.9,422.9,-,-0.0115
3787,2005-07-01,427.8,427.8,427.8,427.8,-,-0.0186
3788,2005-06-30,435.9,435.9,435.9,435.9,-,-0.0032
3789,2005-06-29,437.3,437.3,437.3,437.3,-,0.0021
3790,2005-06-28,436.4,437.5,437.5,436.0,0.04K,-0.0089
3791,2005-06-27,440.3,440.7,440.7,439.5,0.01K,-0.0005
3792,2005-06-24,440.5,441.5,441.5,438.5,0.03K,-0.0027
3793,2005-06-23,441.7,438.3,442.5,438.3,0.03K,0.0082
3794,2005-06-22,438.1,437.5,438.5,437.5,0.17K,-0.0018
3795,2005-06-21,438.9,439.0,439.0,439.0,0.01K,0.0011
3796,2005-06-20,438.4,440.0,440.4,438.0,0.02K,0.0002
3797,2005-06-17,438.3,436.1,439.3,436.1,0.03K,0.0048
3798,2005-06-16,436.2,429.5,436.8,429.5,0.16K,0.0165
3799,2005-06-15,429.1,427.5,428.3,427.5,0.02K,0.0037
3800,2005-06-14,427.5,428.2,428.2,426.5,0.07K,-0.0042
3801,2005-06-13,429.3,428.3,431.5,428.3,0.07K,0.0044
3802,2005-06-10,427.4,423.8,428.5,422.0,0.07K,0.0075
3803,2005-06-09,424.2,423.7,423.7,422.0,0.10K,-0.0012
3804,2005-06-08,424.7,425.6,425.9,424.5,0.17K,-0.0002
3805,2005-06-07,424.8,426.7,426.7,424.0,0.23K,-0.004
3806,2005-06-06,426.5,423.6,427.8,422.6,0.56K,0.0066
3807,2005-06-03,423.7,422.2,425.5,421.7,0.42K,0.0024
3808,2005-06-02,422.7,415.8,423.5,415.8,1.98K,0.0178
3809,2005-06-01,415.3,416.4,417.3,414.0,2.82K,-0.0024
3810,2005-05-31,416.3,418.0,420.2,413.2,7.49K,-0.0083
3811,2005-05-27,419.8,420.2,420.2,417.8,51.36K,0.0043
3812,2005-05-26,418.0,417.8,417.8,417.8,-,-0.0019
3813,2005-05-25,418.8,418.8,418.8,418.8,-,0.0031
3814,2005-05-24,417.5,417.5,417.5,417.5,-,0.0022
3815,2005-05-23,416.6,416.6,416.6,416.6,-,-0.0019
3816,2005-05-20,417.4,416.5,416.5,416.5,0.00K,-0.0074
3817,2005-05-19,420.5,420.5,420.5,420.5,-,-0.0024
3818,2005-05-18,421.5,421.5,421.5,421.5,-,0.005
3819,2005-05-17,419.4,419.4,419.4,419.4,-,0.0012
3820,2005-05-16,418.9,418.9,418.9,418.9,-,-0.0031
3821,2005-05-13,420.2,420.2,420.2,420.2,-,-0.0033
3822,2005-05-12,421.6,421.6,421.6,421.6,-,-0.0131
3823,2005-05-11,427.2,427.2,427.2,427.2,-,0.0
3824,2005-05-10,427.2,427.2,427.2,427.2,-,0.0023
3825,2005-05-09,426.2,426.2,426.2,426.2,-,0.0002
3826,2005-05-06,426.1,426.1,426.1,426.1,-,-0.0086
3827,2005-05-05,429.8,429.8,429.8,429.8,-,0.0019
3828,2005-05-04,429.0,429.0,429.0,429.0,0.02K,0.0054
3829,2005-05-03,426.7,426.7,426.7,426.7,-,-0.0065
3830,2005-05-02,429.5,429.5,429.5,429.5,-,-0.0126
3831,2005-04-29,435.0,435.0,435.0,435.0,-,0.0086
3832,2005-04-28,431.3,431.3,431.3,431.3,-,-0.0039
3833,2005-04-27,433.0,436.4,437.0,433.6,0.02K,-0.0112
3834,2005-04-26,437.9,438.0,438.2,435.9,0.17K,0.0076
3835,2005-04-25,434.6,432.7,434.4,432.7,0.02K,0.0007
3836,2005-04-22,434.3,433.5,435.8,433.5,0.09K,0.003
3837,2005-04-21,433.0,434.1,435.0,432.3,0.05K,-0.0053
3838,2005-04-20,435.3,433.6,435.8,432.4,0.04K,0.0055
3839,2005-04-19,432.9,426.8,433.0,426.8,0.13K,0.0126
3840,2005-04-18,427.5,423.6,427.5,423.6,0.03K,0.0061
3841,2005-04-15,424.9,423.2,425.6,423.2,0.07K,0.0021
3842,2005-04-14,424.0,429.5,429.5,423.5,0.12K,-0.0123
3843,2005-04-13,429.3,428.0,430.0,427.5,0.03K,0.004
3844,2005-04-12,427.6,428.1,430.2,426.5,0.15K,-0.0023
3845,2005-04-11,428.6,426.0,429.8,426.0,0.03K,0.004
3846,2005-04-08,426.9,425.2,427.3,424.8,0.05K,0.0009
3847,2005-04-07,426.5,426.5,428.5,426.5,0.18K,-0.0014
3848,2005-04-06,427.1,424.9,427.7,424.1,0.06K,0.0061
3849,2005-04-05,424.5,423.8,425.5,423.6,0.31K,0.0014
3850,2005-04-04,423.9,426.0,426.3,422.7,0.49K,-0.0047
3851,2005-04-01,425.9,428.3,428.5,424.5,0.55K,-0.0065
3852,2005-03-31,428.7,426.7,429.0,426.0,3.05K,0.0042
3853,2005-03-30,426.9,426.0,428.0,425.5,28.67K,0.0021
3854,2005-03-29,426.0,426.0,426.0,426.0,-,0.0002
3855,2005-03-28,425.9,425.9,425.9,425.9,-,0.0028
3856,2005-03-24,424.7,424.7,424.7,424.7,-,-0.0012
3857,2005-03-23,425.2,425.2,425.2,425.2,-,-0.0141
3858,2005-03-22,431.3,431.3,431.3,431.3,0.02K,0.0005
3859,2005-03-21,431.1,431.1,431.1,431.1,0.10K,-0.0187
3860,2005-03-18,439.3,439.3,439.3,439.3,-,0.0014
3861,2005-03-17,438.7,438.7,438.7,438.7,-,-0.0113
3862,2005-03-16,443.7,443.7,443.7,443.7,-,0.0064
3863,2005-03-15,440.9,440.9,440.9,440.9,-,-0.0005
3864,2005-03-14,441.1,441.1,441.1,441.1,-,-0.0114
3865,2005-03-11,446.2,446.2,446.2,446.2,-,0.0077
3866,2005-03-10,442.8,442.8,442.8,442.8,0.00K,0.0016
3867,2005-03-09,442.1,442.1,442.1,442.1,-,0.0041
3868,2005-03-08,440.3,440.3,440.3,440.3,-,0.0122
3869,2005-03-07,435.0,435.0,435.0,435.0,-,0.0018
3870,2005-03-04,434.2,434.2,434.2,434.2,-,0.01
3871,2005-03-03,429.9,429.9,429.9,429.9,-,-0.0067
3872,2005-03-02,432.8,433.4,433.4,433.4,0.00K,-0.0002
3873,2005-03-01,432.9,432.9,432.9,432.9,0.00K,-0.0082
3874,2005-02-28,436.5,435.5,435.5,435.5,0.02K,0.0037
3875,2005-02-25,434.9,436.0,436.0,436.0,0.00K,0.0009
3876,2005-02-24,434.5,436.0,436.0,432.5,0.61K,-0.0009
3877,2005-02-23,434.9,434.0,435.5,433.2,0.11K,0.0009
3878,2005-02-22,434.5,426.5,435.0,426.5,0.05K,0.0173
3879,2005-02-18,427.1,426.7,427.1,426.7,0.01K,-0.0005
3880,2005-02-17,427.3,425.5,428.0,425.3,0.71K,0.0042
3881,2005-02-16,425.5,424.0,425.0,422.8,0.15K,-0.0009
3882,2005-02-15,425.9,425.9,426.2,424.0,0.11K,0.0002
3883,2005-02-14,425.8,420.0,425.6,420.0,0.06K,0.0126
3884,2005-02-11,420.5,416.8,422.0,416.8,0.80K,0.0079
3885,2005-02-10,417.2,412.0,418.5,412.0,0.40K,0.0104
3886,2005-02-09,412.9,412.2,413.8,410.3,1.30K,0.0007
3887,2005-02-08,412.6,413.6,413.6,410.1,1.43K,-0.0024
3888,2005-02-07,413.6,414.1,416.0,412.5,0.53K,-0.001
3889,2005-02-04,414.0,416.4,417.8,413.7,0.32K,-0.0062
3890,2005-02-03,416.6,421.3,421.3,414.7,0.57K,-0.0107
3891,2005-02-02,421.1,420.9,422.3,419.8,0.43K,0.0007
3892,2005-02-01,420.8,422.2,422.3,419.2,1.46K,-0.0024
3893,2005-01-31,421.8,426.0,426.5,419.3,6.86K,-0.0094
3894,2005-01-28,425.8,426.1,427.5,424.0,41.28K,-0.0012
3895,2005-01-27,426.3,426.3,426.3,426.3,-,-0.0014
3896,2005-01-26,426.9,426.9,426.9,426.9,-,0.0116
3897,2005-01-25,422.0,422.0,422.0,422.0,-,-0.0115
3898,2005-01-24,426.9,426.9,426.9,426.9,-,0.0005
3899,2005-01-21,426.7,426.7,426.7,426.7,-,0.0102
3900,2005-01-20,422.4,421.8,421.8,421.8,-,-0.0014
3901,2005-01-19,423.0,423.0,423.0,423.0,-,-0.0005
3902,2005-01-18,423.2,423.2,423.2,423.2,-,0.0012
3903,2005-01-14,422.7,422.0,422.0,422.0,0.02K,-0.0047
3904,2005-01-13,424.7,424.7,424.7,424.7,-,-0.0033
3905,2005-01-12,426.1,426.1,426.1,426.1,-,0.01
3906,2005-01-11,421.9,421.9,421.9,421.9,-,0.0067
3907,2005-01-10,419.1,419.1,419.1,419.1,-,0.0005
3908,2005-01-07,418.9,423.7,423.7,418.7,-,-0.005
3909,2005-01-06,421.0,421.0,421.0,421.0,0.00K,-0.0131
3910,2005-01-05,426.6,425.7,425.7,425.7,0.00K,-0.0044
3911,2005-01-04,428.5,428.5,428.5,428.5,0.11K,-0.0005
3912,2005-01-03,428.7,431.0,431.0,431.0,0.00K,-0.0201
3913,2004-12-30,437.5,438.9,439.0,438.9,-,0.0034
3914,2004-12-29,436.0,440.5,440.5,440.5,0.00K,-0.0187
3915,2004-12-28,444.3,445.5,445.5,443.0,0.14K,-0.002
3916,2004-12-27,445.2,444.0,445.9,443.0,0.35K,0.0075
3917,2004-12-23,441.9,441.3,442.6,441.0,0.10K,0.0036
3918,2004-12-22,440.3,442.1,442.7,439.0,0.07K,-0.0034
3919,2004-12-21,441.8,443.0,443.2,441.1,0.06K,-0.0014
3920,2004-12-20,442.4,442.5,444.0,442.0,0.46K,0.0018
3921,2004-12-17,441.6,436.8,440.0,436.8,0.09K,0.0108
3922,2004-12-16,436.9,440.8,442.6,437.0,0.23K,-0.0088
3923,2004-12-15,440.8,435.7,442.0,435.7,0.36K,0.0112
3924,2004-12-14,435.9,438.9,438.9,435.4,0.20K,-0.0068
3925,2004-12-13,438.9,437.0,439.5,436.0,0.63K,0.0115
3926,2004-12-10,433.9,436.5,437.1,432.6,0.21K,-0.0044
3927,2004-12-09,435.8,437.5,440.6,432.6,1.35K,-0.0032
3928,2004-12-08,437.2,449.0,450.0,434.0,2.07K,-0.0327
3929,2004-12-07,452.0,453.0,455.5,451.5,0.55K,-0.0048
3930,2004-12-06,454.2,454.4,456.1,451.5,0.67K,-0.0039
3931,2004-12-03,456.0,450.4,455.5,448.5,1.23K,0.0124
3932,2004-12-02,450.4,454.0,456.5,447.0,1.42K,-0.0079
3933,2004-12-01,454.0,451.6,456.0,450.5,2.68K,0.006
3934,2004-11-30,451.3,453.4,454.1,448.3,14.25K,-0.0053
3935,2004-11-29,453.7,450.8,454.8,449.3,56.71K,0.0098
3936,2004-11-24,449.3,449.3,449.3,449.3,-,0.0033
3937,2004-11-23,447.8,447.8,447.8,447.8,-,-0.0022
3938,2004-11-22,448.8,448.8,448.8,448.8,-,0.0045
3939,2004-11-19,446.8,446.8,446.8,446.8,-,0.0095
3940,2004-11-18,442.6,442.6,442.6,442.6,0.00K,-0.0049
3941,2004-11-17,444.8,444.8,444.8,444.8,-,0.0104
3942,2004-11-16,440.2,440.2,440.2,440.2,-,0.0073
3943,2004-11-15,437.0,437.0,437.0,437.0,-,-0.0021
3944,2004-11-12,437.9,437.9,437.9,437.9,-,0.0069
3945,2004-11-11,434.9,434.9,434.9,434.9,-,0.0021
3946,2004-11-10,434.0,434.0,434.0,434.0,-,-0.0039
3947,2004-11-09,435.7,434.0,434.0,434.0,0.00K,0.0069
3948,2004-11-08,432.7,432.7,432.7,432.7,-,-0.0021
3949,2004-11-05,433.6,433.6,433.6,433.6,-,0.0081
3950,2004-11-04,430.1,430.1,430.1,430.1,-,0.013
3951,2004-11-03,424.6,424.6,424.6,424.6,-,0.011
3952,2004-11-02,420.0,420.0,420.0,420.0,-,-0.0171
3953,2004-11-01,427.3,427.3,427.3,427.3,-,-0.0028
3954,2004-10-29,428.5,428.5,428.5,428.5,-,0.008
3955,2004-10-28,425.1,425.1,425.1,425.1,0.32K,0.0007
3956,2004-10-27,424.8,429.5,429.7,423.5,0.04K,-0.0047
3957,2004-10-26,426.8,429.1,429.1,425.4,0.06K,-0.0051
3958,2004-10-25,429.0,429.0,430.0,428.5,0.13K,0.0104
3959,2004-10-22,424.6,424.6,424.6,424.6,0.19K,0.0005
3960,2004-10-21,424.4,423.5,423.5,422.0,0.01K,0.0021
3961,2004-10-20,423.5,420.3,425.1,420.3,0.01K,0.0076
3962,2004-10-19,420.3,420.7,420.7,420.7,0.00K,0.0099
3963,2004-10-18,416.2,419.0,419.0,417.1,0.01K,-0.006
3964,2004-10-15,418.7,418.3,419.7,417.8,0.05K,0.0014
3965,2004-10-14,418.1,416.0,418.8,415.2,0.10K,0.0119
3966,2004-10-13,413.2,411.0,411.8,410.3,0.07K,-0.0046
3967,2004-10-12,415.1,419.1,419.1,413.5,0.30K,-0.0164
3968,2004-10-11,422.0,422.2,422.2,421.0,0.02K,-0.0026
3969,2004-10-08,423.1,418.7,425.0,418.0,0.08K,0.0122
3970,2004-10-07,418.0,418.0,419.0,417.5,0.09K,-0.001
3971,2004-10-06,418.4,417.5,419.0,417.0,0.19K,0.0005
3972,2004-10-05,418.2,415.3,419.3,415.0,0.16K,0.0101
3973,2004-10-04,414.0,415.0,415.0,411.5,0.33K,-0.0131
3974,2004-10-01,419.5,419.1,419.1,417.0,0.17K,0.0019
3975,2004-09-30,418.7,412.9,418.8,412.7,1.16K,0.0138
3976,2004-09-29,413.0,412.0,414.0,411.6,5.05K,0.0012
3977,2004-09-28,412.5,410.8,410.8,410.8,0.04K,0.0083
3978,2004-09-27,409.1,409.1,409.1,409.1,-,0.0025
3979,2004-09-24,408.1,408.1,408.1,408.1,-,-0.0068
3980,2004-09-23,410.9,410.9,410.9,410.9,-,0.0091
3981,2004-09-22,407.2,407.2,407.2,407.2,-,-0.0027
3982,2004-09-21,408.3,408.3,408.3,408.3,-,0.0074
3983,2004-09-20,405.3,403.6,403.6,403.6,0.04K,-0.0012
3984,2004-09-17,405.8,405.8,405.8,405.8,-,0.0027
3985,2004-09-16,404.7,404.7,404.7,404.7,-,-0.0007
3986,2004-09-15,405.0,404.0,404.0,404.0,0.02K,-0.0017
3987,2004-09-14,405.7,405.1,405.1,405.1,0.04K,0.004
3988,2004-09-13,404.1,404.1,404.1,404.1,-,0.0055
3989,2004-09-10,401.9,401.0,402.0,401.0,0.12K,0.0085
3990,2004-09-09,398.5,398.5,398.5,398.5,-,-0.0023
3991,2004-09-08,399.4,396.8,396.8,396.8,0.02K,0.005
3992,2004-09-07,397.4,398.0,398.0,398.0,0.06K,-0.0077
3993,2004-09-03,400.5,400.5,400.5,400.5,-,-0.0135
3994,2004-09-02,406.0,406.4,406.4,406.4,0.03K,-0.0068
3995,2004-09-01,408.8,407.3,407.3,407.3,0.04K,-0.0039
3996,2004-08-31,410.4,410.4,410.4,410.4,-,0.0064
3997,2004-08-30,407.8,404.7,407.9,404.7,0.11K,0.0112
3998,2004-08-27,403.3,407.4,408.0,403.0,0.00K,-0.0101
3999,2004-08-26,407.4,409.0,409.0,406.2,0.03K,-0.0012
4000,2004-08-25,407.9,405.3,407.0,405.2,0.16K,0.0122
4001,2004-08-24,403.0,405.0,407.0,404.0,0.03K,-0.0183
4002,2004-08-23,410.5,411.3,411.8,409.7,0.02K,-0.0065
4003,2004-08-20,413.2,407.0,412.8,407.0,0.25K,0.015
4004,2004-08-19,407.1,404.3,407.9,404.3,0.13K,0.0069
4005,2004-08-18,404.3,403.0,404.5,402.7,0.06K,-0.0002
4006,2004-08-17,404.4,402.5,404.0,400.3,0.21K,0.0037
4007,2004-08-16,402.9,399.0,403.0,399.0,0.29K,0.01
4008,2004-08-13,398.9,394.3,399.5,393.5,0.06K,0.0117
4009,2004-08-12,394.3,395.7,396.0,393.5,0.07K,-0.003
4010,2004-08-11,395.5,399.5,399.5,393.3,0.19K,-0.0113
4011,2004-08-10,400.0,399.3,401.3,398.5,0.09K,-0.0017
4012,2004-08-09,400.7,399.1,400.7,398.5,0.32K,0.0023
4013,2004-08-06,399.8,392.5,401.5,391.0,0.13K,0.0191
4014,2004-08-05,392.3,393.0,393.5,391.0,0.11K,0.0003
4015,2004-08-04,392.2,393.6,393.6,390.5,0.15K,-0.0046
4016,2004-08-03,394.0,392.0,394.8,388.8,2.69K,0.0059
4017,2004-08-02,391.7,394.0,394.5,391.0,1.10K,0.0018
4018,2004-07-30,391.0,388.2,392.0,387.0,4.98K,0.0103
4019,2004-07-29,387.0,389.0,391.0,385.0,42.07K,-0.0051
4020,2004-07-28,389.0,389.0,389.0,389.0,-,0.0052
4021,2004-07-27,387.0,387.0,387.0,387.0,-,-0.0085
4022,2004-07-26,390.3,390.3,390.3,390.3,-,-0.0005
4023,2004-07-23,390.5,391.0,391.0,391.0,0.00K,-0.0119
4024,2004-07-22,395.2,395.2,395.2,395.2,-,-0.0048
4025,2004-07-21,397.1,397.1,397.1,397.1,-,-0.0119
4026,2004-07-20,401.9,401.9,401.9,401.9,-,-0.0091
4027,2004-07-19,405.6,405.6,405.6,405.6,-,-0.0025
4028,2004-07-16,406.6,406.6,406.6,406.6,-,0.0059
4029,2004-07-15,404.2,404.2,404.2,404.2,-,-0.003
4030,2004-07-14,405.4,405.4,405.4,405.4,-,0.0085
4031,2004-07-13,402.0,402.0,402.0,402.0,-,-0.0149
4032,2004-07-12,408.1,408.1,408.1,408.1,-,0.0015
4033,2004-07-09,407.5,407.5,407.5,407.5,0.02K,-0.0007
4034,2004-07-08,407.8,407.8,407.8,407.8,-,0.0137
4035,2004-07-07,402.3,397.8,397.8,397.8,0.01K,0.0247
4036,2004-07-06,392.6,392.6,392.6,392.6,-,-0.0143
4037,2004-07-02,398.3,398.3,398.3,398.3,0.02K,0.0058
4038,2004-07-01,396.0,396.0,396.0,396.0,-,0.0087
4039,2004-06-30,392.6,395.4,395.4,394.3,0.15K,0.0003
4040,2004-06-29,392.5,400.2,400.2,398.0,0.01K,-0.0212
4041,2004-06-28,401.0,403.0,405.0,403.0,0.34K,-0.0047
4042,2004-06-25,402.9,402.3,403.6,401.3,0.19K,-0.0005
4043,2004-06-24,403.1,394.6,403.7,394.6,0.15K,0.0205
4044,2004-06-23,395.0,395.5,397.2,394.5,0.05K,0.0
4045,2004-06-22,395.0,394.0,396.5,394.0,0.06K,0.0025
4046,2004-06-21,394.0,394.6,394.6,393.2,0.13K,-0.0028
4047,2004-06-18,395.1,393.0,396.4,393.0,0.11K,0.0159
4048,2004-06-17,388.9,385.3,385.3,385.3,0.02K,0.0112
4049,2004-06-16,384.6,386.5,386.5,383.5,0.10K,-0.009000000000000001
4050,2004-06-15,388.1,383.1,388.5,383.0,0.05K,0.0117
4051,2004-06-14,383.6,383.6,385.3,383.0,0.21K,-0.006
4052,2004-06-10,385.9,385.3,385.5,384.5,0.07K,0.0036
4053,2004-06-09,384.5,391.6,391.6,383.0,0.54K,-0.0166
4054,2004-06-08,391.0,393.8,395.0,390.3,0.61K,-0.0069
4055,2004-06-07,393.7,391.8,394.0,391.8,0.13K,0.0072
4056,2004-06-04,390.9,388.4,391.5,385.5,0.23K,0.0072
4057,2004-06-03,388.1,390.7,393.0,387.4,0.60K,-0.0089
4058,2004-06-02,391.6,394.6,397.5,390.0,0.94K,-0.0076
4059,2004-06-01,394.6,395.1,399.0,393.3,1.86K,0.0015
4060,2004-05-28,394.0,395.3,396.3,392.6,9.84K,0.0147
4061,2004-05-26,388.3,388.3,388.3,388.3,-,0.0
4062,2004-05-25,388.3,388.3,388.3,388.3,-,0.006999999999999999
4063,2004-05-24,385.6,385.6,385.6,385.6,-,0.0021
4064,2004-05-21,384.8,384.8,384.8,384.8,-,0.0169
4065,2004-05-20,378.4,378.4,378.4,378.4,-,-0.0118
4066,2004-05-19,382.9,382.9,382.9,382.9,-,0.0189
4067,2004-05-18,375.8,375.8,375.8,375.8,-,-0.0097
4068,2004-05-17,379.5,379.5,379.5,379.5,-,0.0066
4069,2004-05-14,377.0,377.0,377.0,377.0,0.01K,0.0059
4070,2004-05-13,374.8,374.8,374.8,374.8,0.02K,-0.0069
4071,2004-05-12,377.4,377.4,377.4,377.4,-,0.0013
4072,2004-05-11,376.9,376.9,376.9,376.9,-,-0.0037
4073,2004-05-10,378.3,378.3,378.3,378.3,-,-0.0011
4074,2004-05-07,378.7,377.0,377.0,377.0,0.00K,-0.024
4075,2004-05-06,388.0,387.2,387.2,387.2,0.00K,-0.0137
4076,2004-05-05,393.4,393.4,393.4,393.4,-,0.0051
4077,2004-05-04,391.4,392.0,392.0,392.0,0.00K,0.0114
4078,2004-05-03,387.0,387.0,387.0,387.0,0.00K,0.0
4079,2004-04-30,387.0,389.0,389.0,389.0,0.00K,0.001
4080,2004-04-29,386.6,380.0,386.0,380.0,0.01K,0.0031
4081,2004-04-28,385.4,395.5,396.0,384.1,0.05K,-0.0331
4082,2004-04-27,398.6,397.7,399.0,395.8,0.06K,0.0066
4083,2004-04-26,396.0,396.5,396.7,396.3,0.05K,0.0023
4084,2004-04-23,395.1,393.0,396.8,393.0,0.04K,0.0046
4085,2004-04-22,393.3,390.5,393.5,390.5,0.05K,0.0064
4086,2004-04-21,390.8,393.4,395.0,390.0,0.06K,-0.0173
4087,2004-04-20,397.7,400.3,400.3,396.8,0.05K,-0.0072
4088,2004-04-19,400.6,404.6,404.6,400.2,0.08K,-0.001
4089,2004-04-16,401.0,399.6,402.2,398.5,0.18K,0.0083
4090,2004-04-15,397.7,401.0,401.0,396.5,0.33K,-0.0053
4091,2004-04-14,399.8,407.3,407.9,399.0,0.16K,-0.0177
4092,2004-04-13,407.0,417.8,417.8,406.0,0.50K,-0.0312
4093,2004-04-12,420.1,421.1,422.1,418.0,0.04K,0.0005
4094,2004-04-08,419.9,423.3,423.3,419.0,0.79K,-0.0069
4095,2004-04-07,422.8,418.9,423.6,417.8,0.38K,0.0093
4096,2004-04-06,418.9,415.6,419.8,415.6,0.20K,0.0084
4097,2004-04-05,415.4,421.6,421.6,414.0,0.57K,-0.0147
4098,2004-04-02,421.6,426.6,429.0,417.5,1.46K,-0.0145
4099,2004-04-01,427.8,427.2,432.0,424.5,1.56K,0.0012
4100,2004-03-31,427.3,421.0,428.0,420.6,4.50K,0.0133
4101,2004-03-30,421.7,416.5,422.2,416.5,36.66K,0.011
4102,2004-03-29,417.1,417.1,417.1,417.1,-,-0.0118
4103,2004-03-26,422.1,422.0,422.0,422.0,0.01K,0.013
4104,2004-03-25,416.7,416.0,417.0,416.0,0.01K,-0.0012
4105,2004-03-24,417.2,417.2,417.2,417.2,-,-0.0062
4106,2004-03-23,419.8,419.8,419.8,419.8,-,0.0057
4107,2004-03-22,417.4,417.4,417.4,417.4,0.00K,0.0119
4108,2004-03-19,412.5,412.0,412.0,412.0,0.02K,0.0034
4109,2004-03-18,411.1,411.1,411.1,411.1,-,0.0103
4110,2004-03-17,406.9,404.0,404.0,404.0,0.01K,0.0112
4111,2004-03-16,402.4,402.0,402.0,402.0,0.01K,0.0075
4112,2004-03-15,399.4,399.4,399.4,399.4,-,0.0104
4113,2004-03-12,395.3,395.3,395.3,395.3,-,-0.0135
4114,2004-03-11,400.7,400.7,400.7,400.7,0.01K,0.0018
4115,2004-03-10,400.0,400.0,400.0,400.0,0.00K,-0.0104
4116,2004-03-09,404.2,401.7,402.4,401.2,0.01K,0.009000000000000001
4117,2004-03-08,400.6,399.5,399.5,399.0,0.01K,-0.0017
4118,2004-03-05,401.3,401.0,401.0,401.0,0.00K,0.0214
4119,2004-03-04,392.9,394.8,394.8,393.0,0.09K,0.0013
4120,2004-03-03,392.4,391.1,391.3,391.1,0.00K,-0.0028
4121,2004-03-02,393.5,397.5,398.8,393.5,0.10K,-0.0145
4122,2004-03-01,399.3,399.3,399.3,399.3,-,0.0073
4123,2004-02-27,396.4,395.0,395.0,395.0,0.00K,0.0033
4124,2004-02-26,395.1,392.5,392.5,392.5,0.04K,-0.0018
4125,2004-02-25,395.8,404.8,404.8,395.0,0.03K,-0.0215
4126,2004-02-24,404.5,401.6,403.2,399.0,0.08K,0.0138
4127,2004-02-23,399.0,399.0,400.2,399.0,0.16K,0.0038
4128,2004-02-20,397.5,409.0,409.0,395.0,0.11K,-0.03
4129,2004-02-19,409.8,410.4,411.3,409.0,0.06K,-0.0061
4130,2004-02-18,412.3,415.9,416.0,412.0,0.24K,-0.0089
4131,2004-02-17,416.0,414.0,415.4,413.4,0.01K,0.0139
4132,2004-02-13,410.3,412.7,416.0,408.0,0.09K,-0.0082
4133,2004-02-12,413.7,411.9,413.5,410.0,0.15K,0.0085
4134,2004-02-11,410.2,407.8,412.0,406.0,0.13K,0.0094
4135,2004-02-10,406.4,407.3,410.5,407.3,0.07K,-0.001
4136,2004-02-09,406.8,403.8,407.5,403.8,0.10K,0.0079
4137,2004-02-06,403.6,397.0,407.0,397.0,0.31K,0.0138
4138,2004-02-05,398.1,399.4,400.3,397.5,0.13K,-0.0072
4139,2004-02-04,401.0,399.8,401.3,398.5,0.98K,0.0045
4140,2004-02-03,399.2,398.5,403.0,398.5,0.49K,0.0013
4141,2004-02-02,398.7,403.0,403.3,394.0,2.65K,-0.0087
4142,2004-01-30,402.2,398.0,402.6,398.0,13.53K,0.0093
4143,2004-01-29,398.5,412.0,412.0,396.5,42.43K,-0.0386
4144,2004-01-28,414.5,414.5,414.5,414.5,-,0.011
4145,2004-01-27,410.0,410.0,410.0,410.0,-,0.0084
4146,2004-01-26,406.6,406.6,406.6,406.6,0.00K,-0.0032
4147,2004-01-23,407.9,407.9,407.9,407.9,-,-0.0051
4148,2004-01-22,410.0,410.0,410.0,410.0,-,-0.0027
4149,2004-01-21,411.1,411.1,411.1,411.1,0.00K,-0.0039
4150,2004-01-20,412.7,412.7,412.7,412.7,-,0.0148
4151,2004-01-16,406.7,406.7,406.7,406.7,-,-0.0042
4152,2004-01-15,408.4,408.4,408.4,408.4,-,-0.0315
4153,2004-01-14,421.7,421.7,421.7,421.7,-,-0.0047
4154,2004-01-13,423.7,425.4,425.9,423.0,0.01K,-0.0061
4155,2004-01-12,426.3,425.8,428.2,425.8,0.00K,-0.0002
4156,2004-01-09,426.4,426.4,426.4,426.4,-,0.0057
4157,2004-01-08,424.0,424.0,424.0,424.0,-,0.005
4158,2004-01-07,421.9,421.9,421.9,421.9,-,-0.0021
4159,2004-01-06,422.8,422.8,422.8,422.8,-,-0.0038
4160,2004-01-05,424.4,422.5,422.5,422.5,0.02K,0.0209
4161,2003-12-31,415.7,415.7,415.7,415.7,-,-0.0029
4162,2003-12-30,416.9,416.9,416.9,416.9,-,0.0051
4163,2003-12-29,414.8,414.1,415.8,413.0,0.39K,0.0061
4164,2003-12-24,412.3,411.5,413.2,410.5,0.00K,0.0032
4165,2003-12-23,411.0,410.4,411.5,409.8,0.19K,0.001
4166,2003-12-22,410.6,409.6,411.5,409.6,0.05K,0.0034
4167,2003-12-19,409.2,410.8,411.2,408.1,0.09K,-0.0029
4168,2003-12-18,410.4,413.2,413.2,408.0,0.09K,-0.0039
4169,2003-12-17,412.0,409.1,410.8,407.7,0.19K,0.0105
4170,2003-12-16,407.7,410.0,410.0,407.0,0.04K,-0.0037
4171,2003-12-15,409.2,401.6,411.0,401.6,0.09K,-0.0005
4172,2003-12-12,409.4,406.1,409.9,406.1,0.17K,0.0119
4173,2003-12-11,404.6,405.8,407.0,402.7,0.10K,-0.0039
4174,2003-12-10,406.2,406.9,412.0,405.8,0.84K,-0.0049
4175,2003-12-09,408.2,407.0,409.1,406.5,1.22K,0.0039
4176,2003-12-08,406.6,406.7,409.5,405.3,0.22K,0.0005
4177,2003-12-05,406.4,402.5,406.8,400.0,0.66K,0.0077
4178,2003-12-04,403.3,403.9,405.0,400.0,0.30K,-0.0015
4179,2003-12-03,403.9,403.2,404.0,401.5,2.67K,0.0005
4180,2003-12-02,403.7,402.0,406.0,399.5,1.52K,0.0025
4181,2003-12-01,402.7,397.2,402.9,397.0,1.66K,0.0149
4182,2003-11-26,396.8,390.7,402.0,390.6,12.66K,0.0135
4183,2003-11-24,391.5,391.5,391.5,391.5,-,-0.0114
4184,2003-11-21,396.0,394.0,395.8,394.0,0.00K,0.0058
4185,2003-11-20,393.7,393.7,393.7,393.7,-,-0.003
4186,2003-11-19,394.9,394.9,394.9,394.9,-,-0.0068
4187,2003-11-18,397.6,397.6,397.6,397.6,-,0.0156
4188,2003-11-17,391.5,391.5,391.5,391.5,-,-0.0158
4189,2003-11-14,397.8,397.8,397.8,397.8,-,0.0094
4190,2003-11-13,394.1,396.0,396.0,396.0,0.10K,-0.002
4191,2003-11-12,394.9,394.9,394.9,394.9,0.00K,0.0175
4192,2003-11-11,388.1,388.1,388.1,388.1,-,0.0039
4193,2003-11-10,386.6,386.6,386.6,386.6,-,0.0086
4194,2003-11-07,383.3,383.3,383.3,383.3,-,0.0071
4195,2003-11-06,380.6,380.6,380.6,380.6,-,-0.0052
4196,2003-11-05,382.6,382.6,382.6,382.6,-,0.0071
4197,2003-11-04,379.9,379.9,379.9,379.9,-,0.0077
4198,2003-11-03,377.0,382.8,383.0,382.8,0.00K,-0.0195
4199,2003-10-31,384.5,384.5,384.5,384.5,-,0.0005
4200,2003-10-30,384.3,384.3,384.3,384.3,-,-0.0065
4201,2003-10-29,386.8,383.0,387.0,380.8,0.19K,0.0094
4202,2003-10-28,383.2,385.0,385.5,383.0,0.23K,-0.0121
4203,2003-10-27,387.9,387.8,389.0,387.0,0.05K,-0.0026
4204,2003-10-24,388.9,384.7,394.0,384.1,0.06K,0.0109
4205,2003-10-23,384.7,386.0,387.8,384.6,0.03K,-0.0047
4206,2003-10-22,386.5,386.4,386.6,385.0,0.18K,0.0126
4207,2003-10-21,381.7,378.7,382.0,377.6,0.10K,0.0206
4208,2003-10-20,374.0,373.5,374.5,373.0,0.01K,0.0059
4209,2003-10-17,371.8,369.5,369.5,369.5,0.00K,-0.0024
4210,2003-10-16,372.7,372.7,372.7,372.7,0.02K,0.0003
4211,2003-10-15,372.6,374.0,374.0,374.0,0.00K,-0.0083
4212,2003-10-14,375.7,373.5,375.8,373.5,0.04K,0.0013
4213,2003-10-13,375.2,371.3,371.3,370.0,0.01K,0.0043
4214,2003-10-10,373.6,370.8,370.8,370.8,0.10K,0.0119
4215,2003-10-09,369.2,373.5,373.5,369.0,1.56K,-0.0165
4216,2003-10-08,375.4,377.0,377.8,376.0,0.09K,-0.0048
4217,2003-10-07,377.2,375.0,376.8,374.6,0.09K,0.0121
4218,2003-10-06,372.7,371.5,373.3,370.7,0.09K,0.0089
4219,2003-10-03,369.4,383.0,384.5,368.0,0.71K,-0.0358
4220,2003-10-02,383.1,385.1,385.1,380.5,0.15K,-0.0031
4221,2003-10-01,384.3,385.5,386.3,383.0,0.08K,-0.0029
4222,2003-09-30,385.4,382.3,388.7,382.3,3.74K,0.0078
4223,2003-09-29,382.4,381.0,385.0,380.1,5.08K,0.0042
4224,2003-09-26,380.8,380.8,380.8,380.8,-,-0.0109
4225,2003-09-25,385.0,385.0,385.0,385.0,-,-0.0065
4226,2003-09-24,387.5,387.5,387.5,387.5,-,0.0041
4227,2003-09-23,385.9,385.9,385.9,385.9,-,-0.0034
4228,2003-09-22,387.2,387.2,387.2,387.2,-,0.0141
4229,2003-09-19,381.8,381.8,381.8,381.8,-,0.0138
4230,2003-09-18,376.6,376.6,376.6,376.6,-,0.0011
4231,2003-09-17,376.2,376.2,376.2,376.2,-,0.0072
4232,2003-09-16,373.5,373.5,373.5,373.5,-,-0.0027
4233,2003-09-15,374.5,374.5,374.5,374.5,-,-0.0035
4234,2003-09-12,375.8,375.8,375.8,375.8,-,-0.0103
4235,2003-09-11,379.7,378.0,378.0,378.0,0.00K,-0.0008
4236,2003-09-10,380.0,380.0,380.0,380.0,-,-0.0045
4237,2003-09-09,381.7,381.7,381.7,381.7,-,0.0176
4238,2003-09-08,375.1,375.1,375.1,375.1,-,-0.0066
4239,2003-09-05,377.6,377.6,377.6,377.6,-,0.0126
4240,2003-09-04,372.9,372.9,372.9,372.9,-,-0.0027
4241,2003-09-03,373.9,373.9,373.9,373.9,-,0.0019
4242,2003-09-02,373.2,375.0,375.0,375.0,0.01K,-0.0067
4243,2003-08-29,375.7,375.0,375.0,375.0,0.01K,0.014
4244,2003-08-28,370.5,369.0,369.0,369.0,0.01K,-0.008
4245,2003-08-27,373.5,371.5,375.0,370.5,0.03K,0.021
4246,2003-08-26,365.8,361.5,366.5,361.0,0.19K,0.0125
4247,2003-08-25,361.3,364.0,364.0,361.0,0.03K,-0.005
4248,2003-08-22,363.1,362.0,363.5,362.0,0.04K,0.0069
4249,2003-08-21,360.6,364.6,364.6,362.7,0.05K,-0.0137
4250,2003-08-20,365.6,361.1,367.0,361.1,0.09K,0.0111
4251,2003-08-19,361.6,357.0,361.3,357.0,0.09K,0.0089
4252,2003-08-18,358.4,360.0,360.0,358.0,0.02K,-0.0132
4253,2003-08-15,363.2,366.0,366.0,363.5,0.03K,-0.0077
4254,2003-08-14,366.0,363.8,366.0,363.0,0.13K,0.0108
4255,2003-08-13,362.1,357.2,363.8,357.2,0.02K,0.01
4256,2003-08-12,358.5,359.6,359.6,358.1,0.03K,-0.0088
4257,2003-08-11,361.7,359.6,361.0,358.7,0.05K,0.0152
4258,2003-08-08,356.3,352.0,357.5,352.0,0.15K,0.0108
4259,2003-08-07,352.5,351.0,353.4,350.1,0.41K,0.0048
4260,2003-08-06,350.8,349.6,352.2,349.0,0.38K,0.0034
4261,2003-08-05,349.6,349.1,349.8,348.2,0.10K,0.0011
4262,2003-08-04,349.2,346.5,350.8,346.3,1.78K,0.009000000000000001
4263,2003-08-01,346.1,354.1,355.1,346.0,2.28K,-0.0223
4264,2003-07-31,354.0,354.7,357.5,353.0,2.55K,-0.0062
4265,2003-07-30,356.2,361.1,362.0,354.5,34.58K,-0.0152
4266,2003-07-29,361.7,361.7,361.7,361.7,-,-0.0085
4267,2003-07-28,364.8,364.8,364.8,364.8,-,0.0058
4268,2003-07-25,362.7,362.7,362.7,362.7,-,0.0014
4269,2003-07-24,362.2,362.2,362.2,362.2,-,0.01
4270,2003-07-23,358.6,358.6,358.6,358.6,-,0.0228
4271,2003-07-22,350.6,350.6,350.6,350.6,-,-0.0009
4272,2003-07-21,350.9,350.9,350.9,350.9,-,0.0107
4273,2003-07-18,347.2,347.2,347.2,347.2,-,0.0087
4274,2003-07-17,344.2,344.2,344.2,344.2,-,0.0032
4275,2003-07-16,343.1,343.1,343.1,343.1,0.10K,0.0029
4276,2003-07-15,342.1,342.1,342.1,342.1,-,-0.0161
4277,2003-07-14,347.7,346.9,346.9,346.9,0.12K,0.0084
4278,2003-07-11,344.8,344.0,344.0,344.0,0.00K,0.0015
4279,2003-07-10,344.3,344.3,344.3,344.3,-,0.002
4280,2003-07-09,343.6,343.6,343.6,343.6,-,-0.0015
4281,2003-07-08,344.1,344.1,344.1,344.1,-,-0.0115
4282,2003-07-07,348.1,348.1,348.1,348.1,-,-0.0083
4283,2003-07-03,351.0,351.0,351.0,351.0,-,-0.0009
4284,2003-07-02,351.3,351.3,351.3,351.3,-,-0.0003
4285,2003-07-01,351.4,351.4,351.4,351.4,-,0.0156
4286,2003-06-30,346.0,346.0,346.0,346.0,-,0.0023
4287,2003-06-27,345.2,345.2,345.2,345.2,0.00K,0.0038
4288,2003-06-26,343.9,344.0,345.5,343.4,0.07K,-0.0155
4289,2003-06-25,349.3,348.1,349.9,347.7,0.51K,0.0087
4290,2003-06-24,346.3,354.0,354.0,346.3,0.08K,-0.019
4291,2003-06-23,353.0,355.9,357.3,351.5,0.18K,-0.0093
4292,2003-06-20,356.3,362.3,362.3,356.0,0.09K,-0.0138
4293,2003-06-19,361.3,356.0,363.0,356.0,0.03K,0.0115
4294,2003-06-18,357.2,360.7,361.0,356.8,0.07K,-0.0165
4295,2003-06-17,363.2,359.9,365.0,359.9,0.15K,0.0117
4296,2003-06-16,359.0,359.1,359.3,356.5,0.56K,0.0067
4297,2003-06-13,356.6,353.7,357.0,352.3,0.08K,0.0093
4298,2003-06-12,353.3,354.5,355.6,351.0,0.11K,-0.0062
4299,2003-06-11,355.5,352.2,356.1,352.2,0.56K,0.0094
4300,2003-06-10,352.2,362.3,362.3,351.5,1.37K,-0.0265
4301,2003-06-09,361.8,362.5,366.1,361.2,0.45K,-0.0052
4302,2003-06-06,363.7,368.1,368.1,362.0,0.94K,-0.0133
4303,2003-06-05,368.6,361.8,370.0,360.9,1.83K,0.0165
4304,2003-06-04,362.6,366.1,366.1,361.5,0.45K,-0.0071
4305,2003-06-03,365.2,366.0,366.9,363.0,0.99K,-0.0022
4306,2003-06-02,366.0,362.4,367.0,360.0,1.96K,0.0041
4307,2003-05-30,364.5,368.6,369.6,360.5,4.75K,-0.0138
4308,2003-05-29,369.6,365.1,370.0,360.2,33.18K,0.012
4309,2003-05-28,365.2,365.2,365.2,365.2,-,-0.0071
4310,2003-05-27,367.8,367.8,367.8,367.8,-,-0.0027
4311,2003-05-23,368.8,368.8,368.8,368.8,-,0.0019
4312,2003-05-22,368.1,368.1,368.1,368.1,-,-0.0105
4313,2003-05-21,372.0,372.0,372.0,372.0,-,0.0156
4314,2003-05-20,366.3,366.3,366.3,366.3,-,0.0058
4315,2003-05-19,364.2,364.2,364.2,364.2,-,0.0268
4316,2003-05-16,354.7,354.7,354.7,354.7,-,0.006
4317,2003-05-15,352.6,352.6,352.6,352.6,-,0.0009
4318,2003-05-14,352.3,352.3,352.3,352.3,-,0.0066
4319,2003-05-13,350.0,350.0,350.0,350.0,-,-0.0046
4320,2003-05-12,351.6,351.6,351.6,351.6,-,0.0086
4321,2003-05-09,348.6,348.3,348.3,348.3,0.00K,0.0006
4322,2003-05-08,348.4,348.4,348.4,348.4,0.01K,0.019
4323,2003-05-07,341.9,341.9,341.9,341.9,-,-0.0018
4324,2003-05-06,342.5,342.5,342.5,342.5,0.01K,0.0006
4325,2003-05-05,342.3,342.3,342.3,342.3,-,0.0038
4326,2003-05-02,341.0,341.0,341.0,341.0,-,-0.0032
4327,2003-05-01,342.1,339.0,339.0,339.0,0.00K,0.0088
4328,2003-04-30,339.1,337.0,337.0,337.0,0.01K,0.0162
4329,2003-04-29,333.7,333.0,333.0,333.0,0.00K,-0.0024
4330,2003-04-28,334.5,335.0,335.0,334.8,0.03K,0.0033
4331,2003-04-25,333.4,333.4,334.5,333.3,0.02K,-0.0042
4332,2003-04-24,334.8,332.6,335.2,331.8,0.08K,0.01
4333,2003-04-23,331.5,334.3,334.7,332.9,0.02K,-0.0087
4334,2003-04-22,334.4,333.5,336.5,333.2,0.05K,0.0027
4335,2003-04-21,333.5,329.7,332.0,329.5,0.02K,0.0193
4336,2003-04-17,327.2,326.0,328.3,326.0,-,0.0043
4337,2003-04-16,325.8,323.7,325.5,323.5,0.15K,0.0028
4338,2003-04-15,324.9,324.5,325.9,322.5,0.03K,0.0022
4339,2003-04-14,324.2,325.6,326.0,324.5,0.14K,-0.0113
4340,2003-04-11,327.9,326.5,327.4,323.4,0.05K,0.0037
4341,2003-04-10,326.7,327.0,327.3,324.4,0.16K,0.0034
4342,2003-04-09,325.6,323.0,327.0,322.0,0.86K,0.0106
4343,2003-04-08,322.2,322.3,323.9,321.5,0.06K,0.0022
4344,2003-04-07,321.5,321.0,323.5,319.3,0.15K,-0.0117
4345,2003-04-04,325.3,324.7,325.5,323.0,0.64K,0.0012
4346,2003-04-03,324.9,329.7,329.7,323.2,0.29K,-0.0143
4347,2003-04-02,329.6,334.4,335.7,327.5,0.43K,-0.0141
4348,2003-04-01,334.3,336.0,338.4,333.8,2.03K,-0.0048
4349,2003-03-31,335.9,331.6,336.4,331.6,4.02K,0.0133
4350,2003-03-28,331.5,328.5,332.5,328.4,26.79K,0.0085
4351,2003-03-27,328.7,328.7,328.7,328.7,0.04K,-0.0048
4352,2003-03-26,330.3,330.3,330.3,330.3,0.01K,0.0058
4353,2003-03-25,328.4,328.4,328.4,328.4,0.01K,-0.0033
4354,2003-03-24,329.5,329.5,329.5,329.5,-,0.0107
4355,2003-03-21,326.0,326.0,326.0,326.0,-,-0.0207
4356,2003-03-20,332.9,332.9,332.9,332.9,-,-0.0095
4357,2003-03-19,336.1,336.1,336.1,336.1,0.01K,-0.0044
4358,2003-03-18,337.6,336.0,340.1,336.0,0.02K,0.0015
4359,2003-03-17,337.1,343.0,343.0,343.0,0.00K,0.0018
4360,2003-03-14,336.5,336.5,336.5,336.5,0.00K,0.0018
4361,2003-03-13,335.9,342.7,342.7,342.7,0.00K,-0.0306
4362,2003-03-12,346.5,346.5,346.5,346.5,-,-0.0114
4363,2003-03-11,350.5,350.5,350.5,350.5,-,-0.0118
4364,2003-03-10,354.7,354.7,354.7,354.7,-,0.0111
4365,2003-03-07,350.8,350.8,350.8,350.8,-,-0.0168
4366,2003-03-06,356.8,356.8,356.8,356.8,-,0.0105
4367,2003-03-05,353.1,353.1,353.1,353.1,-,-0.0003
4368,2003-03-04,353.2,353.2,353.2,353.2,-,0.0115
4369,2003-03-03,349.2,349.2,349.2,349.2,0.02K,-0.0029
4370,2003-02-28,350.2,350.2,350.2,350.2,-,0.0118
4371,2003-02-27,346.1,346.1,346.1,346.1,0.00K,-0.0223
4372,2003-02-26,354.0,353.0,356.0,351.5,0.19K,0.0048
4373,2003-02-25,352.3,357.4,359.0,352.0,0.12K,-0.0112
4374,2003-02-24,356.3,353.9,358.0,353.0,0.08K,0.0128
4375,2003-02-21,351.8,352.5,353.8,352.0,0.20K,-0.0037
4376,2003-02-20,353.1,351.7,355.0,350.0,0.16K,0.0091
4377,2003-02-19,349.9,344.0,350.0,344.0,0.32K,0.0166
4378,2003-02-18,344.2,347.8,348.0,342.0,0.52K,-0.0219
4379,2003-02-14,351.9,354.9,357.6,349.9,0.21K,-0.0154
4380,2003-02-13,357.4,352.4,359.0,349.0,0.22K,0.0136
4381,2003-02-12,352.6,363.8,364.6,353.0,0.80K,-0.0273
4382,2003-02-11,362.5,363.2,365.4,361.8,0.61K,-0.0033
4383,2003-02-10,363.7,370.4,372.0,363.7,0.57K,-0.0168
4384,2003-02-07,369.9,370.5,374.5,367.5,0.18K,-0.0005
4385,2003-02-06,370.1,370.0,377.0,368.4,0.73K,-0.0167
4386,2003-02-05,376.4,379.0,388.9,374.0,0.83K,-0.0069
4387,2003-02-04,379.0,371.4,379.5,371.2,1.36K,0.0221
4388,2003-02-03,370.8,368.0,372.0,368.0,0.82K,0.0068
4389,2003-01-31,368.3,368.8,371.5,367.0,6.54K,-0.0008
4390,2003-01-30,368.6,366.0,370.0,362.6,0.83K,0.0063
4391,2003-01-29,366.3,366.3,366.3,366.3,-,-0.01
4392,2003-01-28,370.0,369.0,369.5,369.0,0.03K,0.0016
4393,2003-01-27,369.4,371.0,372.0,371.0,0.04K,0.0033
4394,2003-01-24,368.2,367.0,367.0,367.0,0.00K,0.0102
4395,2003-01-23,364.5,364.5,364.5,364.5,-,0.0133
4396,2003-01-22,359.7,360.5,360.5,359.0,0.02K,0.0067
4397,2003-01-21,357.3,357.3,357.3,357.3,-,0.002
4398,2003-01-17,356.6,356.6,356.6,356.6,-,-0.0031
4399,2003-01-16,357.7,357.7,357.7,357.7,-,0.02
4400,2003-01-15,350.7,350.0,350.0,350.0,0.00K,-0.0037
4401,2003-01-14,352.0,352.0,352.0,352.0,-,-0.0076
4402,2003-01-13,354.7,352.0,352.0,352.0,0.00K,0.0006
4403,2003-01-10,354.5,354.2,354.2,354.2,0.00K,0.0034
4404,2003-01-09,353.3,353.3,353.3,353.3,-,-0.0017
4405,2003-01-08,353.9,346.8,346.8,346.3,0.00K,0.019
4406,2003-01-07,347.3,349.3,349.3,349.0,0.00K,-0.0125
4407,2003-01-06,351.7,351.1,351.1,351.1,-,0.0014
4408,2003-01-03,351.2,345.2,345.3,345.2,0.00K,0.0147
4409,2003-01-02,346.1,346.1,346.1,346.1,-,-0.0043
4410,2002-12-31,347.6,343.6,344.0,341.0,0.01K,0.0122
4411,2002-12-30,343.4,350.4,350.4,349.0,0.10K,-0.0166
4412,2002-12-27,349.2,348.8,350.5,347.2,0.16K,0.0014
4413,2002-12-26,348.7,346.0,350.4,346.0,0.04K,0.0055
4414,2002-12-24,346.8,346.1,347.7,346.0,0.23K,0.0049
4415,2002-12-23,345.1,344.5,344.5,342.0,0.06K,0.0135
4416,2002-12-20,340.5,346.0,346.0,340.0,0.05K,-0.0156
4417,2002-12-19,345.9,344.4,349.2,344.4,0.08K,0.0111
4418,2002-12-18,342.1,337.3,342.5,337.0,0.03K,0.0139
4419,2002-12-17,337.4,337.5,342.0,336.5,0.18K,0.0012
4420,2002-12-16,337.0,334.0,337.0,332.5,0.06K,0.0114
4421,2002-12-13,333.2,331.9,336.0,330.3,0.23K,0.0054
4422,2002-12-12,331.4,326.5,333.0,326.5,0.22K,0.0203
4423,2002-12-11,324.8,323.2,325.0,323.2,0.27K,0.004
4424,2002-12-10,323.5,326.0,326.2,323.0,0.12K,-0.0071
4425,2002-12-09,325.8,325.7,326.6,324.8,0.13K,-0.0015
4426,2002-12-06,326.3,324.3,328.0,324.3,0.86K,0.0046
4427,2002-12-05,324.8,321.7,324.6,321.0,0.40K,0.0081
4428,2002-12-04,322.2,319.8,323.0,319.8,0.63K,0.0062
4429,2002-12-03,320.2,317.4,321.0,317.1,0.75K,0.0082
4430,2002-12-02,317.6,318.1,318.5,315.5,3.64K,0.0025
4431,2002-11-27,316.8,318.0,318.5,316.7,15.45K,-0.0031
4432,2002-11-25,317.8,316.5,316.5,316.5,0.00K,-0.009000000000000001
4433,2002-11-22,320.7,317.4,317.4,317.2,0.00K,0.0104
4434,2002-11-21,317.4,317.4,317.4,317.4,-,0.0
4435,2002-11-20,317.4,317.4,317.4,317.4,-,-0.0038
4436,2002-11-19,318.6,318.6,318.6,318.6,-,-0.0019
4437,2002-11-18,319.2,319.2,319.2,319.2,-,-0.0047
4438,2002-11-15,320.7,320.7,320.7,320.7,-,0.0088
4439,2002-11-14,317.9,317.9,317.9,317.9,-,-0.0025
4440,2002-11-13,318.7,317.5,317.5,317.5,0.00K,-0.0179
4441,2002-11-12,324.5,324.5,324.5,324.5,-,0.0103
4442,2002-11-11,321.2,321.2,321.2,321.2,-,-0.0003
4443,2002-11-08,321.3,321.5,321.5,321.5,0.00K,0.0025
4444,2002-11-07,320.5,320.5,320.5,320.5,-,0.0094
4445,2002-11-06,317.5,317.5,317.5,317.5,-,-0.0022
4446,2002-11-05,318.2,318.2,318.2,318.2,-,-0.0003
4447,2002-11-04,318.3,318.3,318.3,318.3,-,-0.0016
4448,2002-11-01,318.8,318.8,318.8,318.8,-,0.0025
4449,2002-10-31,318.0,318.0,318.0,318.0,0.00K,0.0047
4450,2002-10-30,316.5,316.0,316.0,316.0,0.01K,-0.0038
4451,2002-10-29,317.7,317.7,317.7,316.0,0.04K,0.0079
4452,2002-10-28,315.2,314.0,315.1,314.0,0.03K,0.0057
4453,2002-10-25,313.4,314.0,314.0,312.8,0.01K,0.0087
4454,2002-10-24,310.7,311.7,311.7,309.8,0.08K,-0.0042
4455,2002-10-23,312.0,313.3,313.3,312.8,0.01K,-0.0032
4456,2002-10-22,313.0,313.3,313.3,312.3,0.01K,0.0068
4457,2002-10-21,310.9,313.0,313.0,311.1,0.02K,-0.0058
4458,2002-10-18,312.7,312.2,313.2,311.8,0.02K,0.0035
4459,2002-10-17,311.6,314.0,314.0,311.5,0.54K,-0.0076
4460,2002-10-16,314.0,314.5,314.5,314.5,0.03K,0.0045
4461,2002-10-15,312.6,315.5,315.5,315.3,0.01K,-0.0164
4462,2002-10-14,317.8,318.0,318.0,318.0,0.02K,0.0047
4463,2002-10-11,316.3,316.7,317.0,316.7,0.01K,-0.0006
4464,2002-10-10,316.5,319.0,319.3,316.7,0.04K,-0.0097
4465,2002-10-09,319.6,318.2,319.0,318.2,0.01K,0.0044
4466,2002-10-08,318.2,319.0,319.7,319.0,0.01K,-0.0115
4467,2002-10-07,321.9,322.0,322.2,322.0,0.12K,-0.0006
4468,2002-10-04,322.1,321.4,321.4,321.4,0.01K,0.0031
4469,2002-10-03,321.1,321.0,322.9,321.0,0.04K,-0.0012
4470,2002-10-02,321.5,319.6,321.5,319.6,2.84K,0.0019
4471,2002-10-01,320.9,322.0,322.0,320.9,0.04K,-0.0093
4472,2002-09-30,323.9,320.7,324.2,320.4,0.86K,0.0131
4473,2002-09-27,319.7,319.6,321.2,319.0,3.49K,-0.0019
4474,2002-09-26,320.3,320.3,320.3,320.3,-,-0.0059
4475,2002-09-25,322.2,322.2,322.2,322.2,-,-0.0114
4476,2002-09-24,325.9,325.9,325.9,325.9,-,0.009000000000000001
4477,2002-09-23,323.0,323.0,323.0,323.0,0.01K,0.0034
4478,2002-09-20,321.9,321.9,321.9,321.9,-,-0.0022
4479,2002-09-19,322.6,322.6,322.6,322.6,-,0.0062
4480,2002-09-18,320.6,320.6,320.6,320.6,-,0.0114
4481,2002-09-17,317.0,317.0,317.0,317.0,-,-0.0003
4482,2002-09-16,317.1,317.1,317.1,317.1,-,0.0016
4483,2002-09-13,316.6,319.0,319.0,319.0,-,-0.0072
4484,2002-09-12,318.9,318.9,318.9,318.9,-,0.0073
4485,2002-09-11,316.6,316.6,316.6,316.6,-,-0.0041
4486,2002-09-10,317.9,317.9,317.9,317.9,-,-0.0106
4487,2002-09-09,321.3,321.3,321.3,321.3,-,0.0044
4488,2002-09-06,319.9,320.0,320.0,320.0,0.01K,0.0053
4489,2002-09-05,318.2,318.2,318.2,318.2,-,0.0105
4490,2002-09-04,314.9,314.9,314.9,314.9,-,0.0048
4491,2002-09-03,313.4,312.5,312.5,312.5,0.04K,0.0032
4492,2002-08-30,312.4,312.4,312.4,312.4,-,-0.0016
4493,2002-08-29,312.9,312.0,312.0,312.0,0.02K,0.0113
4494,2002-08-28,309.4,311.9,312.5,311.5,0.03K,-0.0093
4495,2002-08-27,312.3,308.5,312.9,308.5,0.15K,0.0094
4496,2002-08-26,309.4,310.5,310.5,310.0,0.05K,0.0088
4497,2002-08-23,306.7,305.5,306.6,305.2,0.38K,0.0003
4498,2002-08-22,306.6,305.8,306.5,304.9,0.11K,-0.0033
4499,2002-08-21,307.6,306.0,308.0,306.0,0.22K,-0.0036
4500,2002-08-20,308.7,307.4,308.5,306.2,0.12K,0.0088
4501,2002-08-19,306.0,313.1,313.1,305.5,0.73K,-0.0245
4502,2002-08-16,313.7,313.1,315.0,312.2,0.13K,-0.0019
4503,2002-08-15,314.3,311.6,316.5,311.1,0.15K,0.008
4504,2002-08-14,311.8,317.0,317.0,311.0,0.07K,-0.0076
4505,2002-08-13,314.2,313.6,315.0,313.6,0.01K,0.0003
4506,2002-08-12,314.1,313.8,318.0,313.8,0.03K,-0.0003
4507,2002-08-09,314.2,310.0,315.0,310.0,0.09K,0.0122
4508,2002-08-08,310.4,314.6,314.6,310.3,0.18K,-0.0124
4509,2002-08-07,314.3,308.0,315.5,307.9,0.05K,0.0288
4510,2002-08-06,305.5,307.5,307.5,304.8,0.14K,-0.0075
4511,2002-08-05,307.8,307.5,309.6,306.5,0.39K,0.0026
4512,2002-08-02,307.0,303.6,307.9,303.6,0.22K,0.0099
4513,2002-08-01,304.0,303.2,304.8,298.0,0.97K,0.0026
4514,2002-07-31,303.2,303.7,305.3,301.8,3.22K,-0.0016
4515,2002-07-30,303.7,301.5,305.2,301.5,23.83K,0.004
4516,2002-07-29,302.5,301.0,301.0,300.8,0.00K,-0.003
4517,2002-07-26,303.4,303.4,303.4,303.4,0.00K,-0.0207
4518,2002-07-25,309.8,309.8,309.8,309.8,-,-0.0055
4519,2002-07-24,311.5,311.5,311.5,311.5,-,-0.0038
4520,2002-07-23,312.7,312.7,312.7,312.7,-,-0.0337
4521,2002-07-22,323.6,323.6,323.6,323.6,0.40K,-0.0009
4522,2002-07-19,323.9,323.9,323.9,323.9,-,0.0218
4523,2002-07-18,317.0,317.0,317.0,317.0,0.02K,-0.0013
4524,2002-07-17,317.4,317.4,317.4,317.4,-,0.0006
4525,2002-07-16,317.2,318.2,318.2,318.2,0.02K,-0.0075
4526,2002-07-15,319.6,320.5,320.5,319.0,0.00K,0.0127
4527,2002-07-12,315.6,315.6,315.6,315.6,-,-0.005
4528,2002-07-11,317.2,317.2,317.2,317.2,-,0.0079
4529,2002-07-10,314.7,314.7,314.7,314.7,-,-0.0044
4530,2002-07-09,316.1,313.4,313.4,312.6,0.01K,0.0128
4531,2002-07-08,312.1,313.3,313.3,312.8,0.00K,0.0039
4532,2002-07-03,310.9,311.0,311.0,311.0,0.02K,-0.0061
4533,2002-07-02,312.8,315.0,315.3,314.1,0.02K,-0.0038
4534,2002-07-01,314.0,314.0,314.0,314.0,-,0.0016
4535,2002-06-28,313.5,313.5,313.5,313.5,-,-0.0179
4536,2002-06-27,319.2,320.3,320.3,319.3,0.01K,-0.0041
4537,2002-06-26,320.5,322.1,324.0,321.0,0.16K,0.0009
4538,2002-06-25,320.2,323.7,323.7,318.0,0.29K,-0.0126
4539,2002-06-24,324.3,326.5,327.3,324.0,0.33K,-0.0009
4540,2002-06-21,324.6,322.9,325.2,322.2,0.05K,0.0043
4541,2002-06-20,323.2,321.3,324.5,321.3,0.12K,0.0106
4542,2002-06-19,319.8,320.2,320.6,320.2,0.02K,0.0019
4543,2002-06-18,319.2,317.0,319.1,317.0,0.33K,0.0057
4544,2002-06-17,317.4,318.0,318.8,317.3,0.04K,-0.0053
4545,2002-06-14,319.1,321.2,321.5,319.5,0.07K,0.0044
4546,2002-06-13,317.7,320.1,320.1,317.0,0.07K,-0.0081
4547,2002-06-12,320.3,319.6,322.3,318.8,0.60K,0.0019
4548,2002-06-11,319.7,319.3,319.3,316.0,0.17K,0.0031
4549,2002-06-10,318.7,323.0,323.9,318.0,0.24K,-0.0182
4550,2002-06-07,324.6,325.5,327.5,323.9,0.42K,-0.0009
4551,2002-06-06,324.9,321.1,326.0,321.1,0.19K,0.0115
4552,2002-06-05,321.2,327.3,327.3,320.1,1.00K,-0.0201
4553,2002-06-04,327.8,327.0,330.3,327.0,1.87K,0.0034
4554,2002-06-03,326.7,326.6,328.5,325.0,0.92K,0.0006
4555,2002-05-31,326.5,325.0,329.0,324.2,6.76K,0.0031
4556,2002-05-30,325.5,325.4,326.7,323.5,22.05K,0.0003
4557,2002-05-29,325.4,325.4,325.4,325.4,-,0.0046
4558,2002-05-28,323.9,323.9,323.9,323.9,-,0.0109
4559,2002-05-24,320.4,320.4,320.4,320.4,-,-0.0065
4560,2002-05-23,322.5,322.5,322.5,322.5,-,0.0142
4561,2002-05-22,318.0,318.0,318.0,318.0,-,0.006999999999999999
4562,2002-05-21,315.8,315.8,315.8,315.8,-,0.0003
4563,2002-05-20,315.7,315.7,315.7,315.7,-,0.0164
4564,2002-05-17,310.6,310.6,310.6,310.6,-,0.0026
4565,2002-05-16,309.8,309.8,309.8,309.8,-,0.0036
4566,2002-05-15,308.7,308.7,308.7,308.7,-,0.0046
4567,2002-05-14,307.3,307.5,307.5,306.8,0.01K,-0.0106
4568,2002-05-13,310.6,311.0,311.0,311.0,-,-0.0013
4569,2002-05-10,311.0,311.0,311.0,311.0,-,0.0048
4570,2002-05-09,309.5,307.5,307.5,307.5,0.00K,0.0042
4571,2002-05-08,308.2,308.2,308.2,308.2,-,-0.0109
4572,2002-05-07,311.6,311.6,311.6,311.6,-,0.0013
4573,2002-05-06,311.2,311.2,311.2,311.2,-,-0.0032
4574,2002-05-03,312.2,312.2,312.2,312.2,-,0.0127
4575,2002-05-02,308.3,308.3,308.3,308.3,-,-0.0026
4576,2002-05-01,309.1,309.1,309.1,309.1,-,0.0006
4577,2002-04-30,308.9,308.9,308.9,308.9,-,-0.0074
4578,2002-04-29,311.2,311.2,311.2,311.2,-,-0.0013
4579,2002-04-26,311.6,308.4,312.5,305.4,0.07K,0.0114
4580,2002-04-25,308.1,305.4,309.3,305.4,0.17K,0.0125
4581,2002-04-24,304.3,305.0,305.7,304.7,0.12K,0.001
4582,2002-04-23,304.0,302.9,303.2,302.8,0.04K,0.0033
4583,2002-04-22,303.0,304.1,304.1,303.1,0.03K,0.0023
4584,2002-04-19,302.3,302.5,302.5,301.9,0.07K,-0.0072
4585,2002-04-18,304.5,303.6,306.0,303.6,0.01K,0.0079
4586,2002-04-17,302.1,298.8,303.3,298.8,0.04K,0.011
4587,2002-04-16,298.8,299.2,299.2,297.5,0.13K,-0.004
4588,2002-04-15,300.0,303.3,303.3,299.9,0.12K,-0.006999999999999999
4589,2002-04-12,302.1,301.5,302.0,300.5,0.13K,-0.0003
4590,2002-04-11,302.2,303.0,303.2,301.5,0.04K,0.0017
4591,2002-04-10,301.7,298.0,302.5,297.7,0.07K,0.0097
4592,2002-04-09,298.8,300.0,300.0,298.5,0.13K,-0.0057
4593,2002-04-08,300.5,299.0,301.5,299.7,0.10K,0.0013
4594,2002-04-05,300.1,300.7,302.5,298.7,0.09K,-0.0033
4595,2002-04-04,301.1,302.6,302.6,299.0,0.25K,-0.005
4596,2002-04-03,302.6,306.0,306.0,302.0,0.28K,-0.0108
4597,2002-04-02,305.9,303.0,306.8,302.5,0.44K,0.0089
4598,2002-04-01,303.2,302.6,303.1,300.7,0.33K,0.002
4599,2002-03-28,302.6,302.8,304.5,300.5,4.10K,0.0202
4600,2002-03-26,296.6,296.6,296.6,296.6,-,-0.0027
4601,2002-03-25,297.4,297.4,297.4,297.4,-,0.0003
4602,2002-03-22,297.3,297.3,297.3,297.3,-,0.0154
4603,2002-03-21,292.8,292.8,292.8,292.8,0.01K,0.0024
4604,2002-03-20,292.1,292.1,292.1,292.1,-,-0.0024
4605,2002-03-19,292.8,292.8,292.8,292.8,-,0.0024
4606,2002-03-18,292.1,292.1,292.1,292.1,-,0.0076
4607,2002-03-15,289.9,289.9,289.9,289.9,-,-0.0038
4608,2002-03-14,291.0,291.0,291.0,291.0,-,-0.0089
4609,2002-03-13,293.6,293.6,293.6,293.6,-,0.0
4610,2002-03-12,293.6,293.6,293.6,293.6,0.04K,0.0086
4611,2002-03-11,291.1,291.1,291.1,291.1,-,0.0034
4612,2002-03-08,290.1,290.1,290.1,290.1,0.08K,0.0
4613,2002-03-07,290.1,290.1,290.1,290.1,-,-0.0116
4614,2002-03-06,293.5,293.5,293.5,293.5,-,-0.0017
4615,2002-03-05,294.0,298.0,298.0,298.0,0.01K,-0.0091
4616,2002-03-04,296.7,296.7,296.7,296.7,-,-0.0044
4617,2002-03-01,298.0,298.0,298.0,298.0,-,0.0044
4618,2002-02-28,296.7,296.0,296.0,296.0,0.01K,0.0014
4619,2002-02-27,296.3,295.3,295.3,295.3,0.00K,-0.0057
4620,2002-02-26,298.0,294.0,297.7,293.2,0.05K,0.0181
4621,2002-02-25,292.7,292.0,293.0,291.5,0.15K,-0.0017
4622,2002-02-22,293.2,293.2,293.2,292.5,0.01K,0.0
4623,2002-02-21,293.2,291.8,293.4,291.8,0.02K,0.0031
4624,2002-02-20,292.3,294.1,294.2,290.8,0.04K,-0.0031
4625,2002-02-19,293.2,297.0,297.3,293.3,0.06K,-0.0174
4626,2002-02-15,298.4,300.5,301.6,299.0,0.02K,-0.0043
4627,2002-02-14,299.7,300.0,300.5,299.4,0.23K,0.001
4628,2002-02-13,299.4,300.5,300.7,296.7,0.45K,-0.0043
4629,2002-02-12,300.7,299.0,300.0,297.0,0.36K,0.002
4630,2002-02-11,300.1,303.5,303.5,297.5,0.19K,-0.0112
4631,2002-02-08,303.5,304.5,307.4,302.8,0.26K,0.0127
4632,2002-02-07,299.7,297.2,301.5,296.2,0.24K,0.0074
4633,2002-02-06,297.5,297.3,308.0,296.2,1.04K,-0.0023
4634,2002-02-05,298.2,290.0,297.5,290.0,0.34K,0.0308
4635,2002-02-04,289.3,286.0,290.0,285.4,0.54K,0.0115
4636,2002-02-01,286.0,282.3,287.5,282.2,1.08K,0.0138
4637,2002-01-31,282.1,281.0,282.8,280.8,3.68K,0.0007
4638,2002-01-30,281.9,281.9,283.2,280.5,23.82K,0.0018
4639,2002-01-29,281.4,281.4,281.4,281.4,-,0.0111
4640,2002-01-28,278.3,278.3,278.3,278.3,-,-0.0018
4641,2002-01-25,278.8,278.8,278.8,278.8,-,0.0025
4642,2002-01-24,278.1,278.1,278.1,278.1,-,-0.0018
4643,2002-01-23,278.6,278.6,278.6,278.6,-,-0.0103
4644,2002-01-22,281.5,281.5,281.5,281.5,-,-0.0057
4645,2002-01-18,283.1,283.1,283.1,283.1,-,-0.0046
4646,2002-01-17,284.4,284.4,284.4,284.4,-,-0.0101
4647,2002-01-16,287.3,287.3,287.3,287.3,-,0.0102
4648,2002-01-15,284.4,284.4,284.4,284.4,-,-0.0035
4649,2002-01-14,285.4,285.4,285.4,285.4,-,-0.006999999999999999
4650,2002-01-11,287.4,287.4,287.4,287.4,-,0.001
4651,2002-01-10,287.1,276.7,276.7,276.7,0.00K,0.0131
4652,2002-01-09,283.4,283.4,283.4,283.4,-,0.0161
4653,2002-01-08,278.9,278.9,278.9,278.9,-,0.0011
4654,2002-01-07,278.6,279.0,279.0,279.0,0.00K,-0.0011
4655,2002-01-04,278.9,278.9,278.9,278.9,-,0.0025
4656,2002-01-03,278.2,278.2,278.2,278.2,-,-0.0025
4657,2002-01-02,278.9,278.9,278.9,278.9,-,0.0007
4658,2001-12-31,278.7,276.8,276.8,276.8,0.00K,0.008
4659,2001-12-28,276.5,276.5,276.5,276.5,-,-0.0032
4660,2001-12-27,277.4,278.0,278.5,277.2,0.02K,-0.0082
4661,2001-12-26,279.7,278.3,280.9,278.3,0.04K,0.0061
4662,2001-12-21,278.0,276.0,278.6,276.0,0.00K,0.0072
4663,2001-12-20,276.0,276.5,276.5,276.1,0.02K,0.0018
4664,2001-12-19,275.5,280.0,280.0,275.5,0.12K,-0.0175
4665,2001-12-18,280.4,278.3,281.3,278.3,0.02K,0.0097
4666,2001-12-17,277.7,278.2,278.2,277.0,0.05K,-0.0011
4667,2001-12-14,278.0,275.0,278.5,275.0,0.04K,0.015
4668,2001-12-13,273.9,274.0,274.4,273.5,0.06K,0.0004
4669,2001-12-12,273.8,272.7,273.5,272.5,0.08K,0.0059
4670,2001-12-11,272.2,272.5,272.5,271.5,0.36K,0.0
4671,2001-12-10,272.2,272.5,273.2,271.2,0.48K,-0.0062
4672,2001-12-07,273.9,274.0,274.4,273.3,0.07K,-0.0011
4673,2001-12-06,274.2,273.2,274.3,273.1,0.20K,0.0018
4674,2001-12-05,273.7,274.3,275.6,273.0,0.21K,-0.0051
4675,2001-12-04,275.1,275.9,276.3,275.0,0.39K,-0.0065
4676,2001-12-03,276.9,274.2,277.2,274.2,0.74K,0.011
4677,2001-11-30,273.9,273.2,275.5,272.6,4.71K,0.0015
4678,2001-11-29,273.5,274.1,275.4,273.0,22.40K,-0.0022
4679,2001-11-28,274.1,274.1,274.1,274.1,-,0.0033
4680,2001-11-27,273.2,273.2,273.2,273.2,-,0.0033
4681,2001-11-26,272.3,272.3,272.3,272.3,-,-0.0022
4682,2001-11-21,272.9,272.9,272.9,272.9,-,-0.0004
4683,2001-11-20,273.0,273.0,273.0,273.0,-,0.0011
4684,2001-11-19,272.7,272.7,272.7,272.7,-,-0.0073
4685,2001-11-16,274.7,274.7,274.7,274.7,-,-0.0015
4686,2001-11-15,275.1,275.1,275.1,275.1,-,-0.0097
4687,2001-11-14,277.8,277.8,277.8,277.8,-,0.0
4688,2001-11-13,277.8,277.8,277.8,277.8,0.00K,-0.0018
4689,2001-11-12,278.3,278.3,278.3,278.3,-,0.0032
4690,2001-11-09,277.4,277.2,277.2,277.2,0.00K,0.0022
4691,2001-11-08,276.8,278.0,278.0,278.0,0.01K,-0.0149
4692,2001-11-07,281.0,280.5,280.5,280.5,0.09K,0.0046
4693,2001-11-06,279.7,279.7,279.7,279.7,-,0.0043
4694,2001-11-05,278.5,278.5,278.5,278.5,-,-0.0046
4695,2001-11-02,279.8,279.8,279.8,279.8,-,0.0004
4696,2001-11-01,279.7,279.7,279.7,279.7,-,0.0007
4697,2001-10-31,279.5,279.5,279.5,279.5,0.00K,-0.0039
4698,2001-10-30,280.6,281.2,281.2,279.5,0.01K,0.0054
4699,2001-10-29,279.1,278.5,279.1,278.5,0.01K,0.0043
4700,2001-10-26,277.9,277.9,277.9,277.9,-,0.0004
4701,2001-10-25,277.8,277.8,277.8,277.8,0.00K,0.0069
4702,2001-10-24,275.9,275.9,275.9,275.9,-,-0.0007
4703,2001-10-23,276.1,277.0,277.0,277.0,0.04K,0.0022
4704,2001-10-22,275.5,275.5,275.5,275.5,-,-0.0164
4705,2001-10-19,280.1,279.0,279.5,279.0,0.00K,0.0032
4706,2001-10-18,279.2,282.5,282.5,282.5,0.01K,-0.0148
4707,2001-10-17,283.4,282.2,283.4,282.2,0.01K,0.0039
4708,2001-10-16,282.3,282.2,282.8,281.7,0.14K,0.0007
4709,2001-10-15,282.1,282.7,282.7,282.7,0.05K,-0.0098
4710,2001-10-12,284.9,282.2,282.2,282.2,0.03K,0.0096
4711,2001-10-11,282.2,283.5,283.5,280.5,0.14K,-0.0112
4712,2001-10-10,285.4,286.8,287.0,274.0,0.07K,-0.0121
4713,2001-10-09,288.9,290.2,290.2,290.2,0.02K,-0.011
4714,2001-10-08,292.1,292.7,292.7,292.5,0.07K,0.0024
4715,2001-10-05,291.4,291.5,292.5,291.5,0.01K,0.0031
4716,2001-10-04,290.5,290.0,292.0,290.0,0.02K,0.0
4717,2001-10-03,290.5,291.0,291.2,290.1,0.08K,0.0021
4718,2001-10-02,289.9,292.1,292.1,290.0,0.16K,-0.0079
4719,2001-10-01,292.2,291.8,292.9,290.5,0.09K,-0.0007
4720,2001-09-28,292.4,291.0,294.0,290.7,1.18K,0.0024
4721,2001-09-27,291.7,289.0,293.5,289.0,1.54K,-0.0055
4722,2001-09-26,293.3,293.3,293.3,293.3,-,0.0096
4723,2001-09-25,290.5,290.5,290.5,290.5,-,0.0028
4724,2001-09-24,289.7,289.7,289.7,289.7,-,-0.0075
4725,2001-09-21,291.9,291.9,291.9,291.9,-,0.01
4726,2001-09-20,289.0,289.5,289.5,289.5,0.00K,-0.0086
4727,2001-09-19,291.5,291.5,291.5,291.5,-,0.0118
4728,2001-09-18,288.1,288.1,288.1,288.1,-,-0.0059
4729,2001-09-17,289.8,289.8,289.8,289.8,-,-0.0014
4730,2001-09-14,290.2,290.2,290.2,290.2,-,0.0685
4731,2001-09-11,271.6,271.6,271.6,271.6,-,0.0
4732,2001-09-10,271.6,271.6,271.6,271.6,-,-0.0055
4733,2001-09-07,273.1,273.1,273.1,273.1,-,0.0004
4734,2001-09-06,273.0,273.0,273.0,273.0,-,0.0037
4735,2001-09-05,272.0,272.0,272.0,272.0,-,0.0015
4736,2001-09-04,271.6,271.6,271.6,271.6,-,-0.0102
4737,2001-08-31,274.4,274.4,274.4,274.4,-,-0.0036
4738,2001-08-30,275.4,275.4,275.4,275.4,-,0.0062
4739,2001-08-29,273.7,274.2,274.2,274.2,0.00K,0.0051
4740,2001-08-28,272.3,272.3,272.3,272.3,0.06K,-0.0011
4741,2001-08-27,272.6,272.5,272.5,272.4,0.06K,0.0004
4742,2001-08-24,272.5,272.5,272.5,272.5,-,-0.0102
4743,2001-08-23,275.3,275.3,275.3,275.3,-,0.0015
4744,2001-08-22,274.9,274.9,274.9,274.9,0.00K,-0.0004
4745,2001-08-21,275.0,275.0,275.0,275.0,0.00K,-0.004
4746,2001-08-20,276.1,277.2,277.2,277.2,0.03K,-0.0115
4747,2001-08-17,279.3,277.6,280.8,277.2,0.01K,0.0149
4748,2001-08-16,275.2,275.0,275.0,275.0,0.00K,-0.0018
4749,2001-08-15,275.7,275.0,276.0,275.0,0.01K,-0.0022
4750,2001-08-14,276.3,274.8,276.0,273.2,0.01K,0.0022
4751,2001-08-13,275.7,275.2,275.2,275.2,0.00K,0.0066
4752,2001-08-10,273.9,273.4,275.8,273.0,0.11K,0.0018
4753,2001-08-09,273.4,268.0,274.0,268.0,0.44K,0.0205
4754,2001-08-08,267.9,266.1,268.0,265.9,0.29K,0.0026
4755,2001-08-07,267.2,267.0,267.0,265.9,0.16K,0.0004
4756,2001-08-06,267.1,267.1,267.8,267.0,0.23K,-0.003
4757,2001-08-03,267.9,267.0,268.5,266.5,0.14K,0.0019
4758,2001-08-02,267.4,267.0,268.0,266.1,0.28K,0.0
4759,2001-08-01,267.4,266.2,268.1,265.8,0.35K,0.0045
4760,2001-07-31,266.2,264.8,266.5,264.4,1.91K,0.006
4761,2001-07-30,264.6,267.3,267.5,264.1,17.98K,-0.0105
4762,2001-07-27,267.4,267.4,267.4,267.4,-,0.0045
4763,2001-07-26,266.2,266.2,266.2,266.2,-,-0.0056
4764,2001-07-25,267.7,267.7,267.7,267.7,-,-0.0074
4765,2001-07-24,269.7,269.7,269.7,269.7,-,0.0033
4766,2001-07-23,268.8,268.8,268.8,268.8,-,-0.0041
4767,2001-07-20,269.9,269.9,269.9,269.9,0.01K,0.0019
4768,2001-07-19,269.4,269.4,269.4,269.4,-,-0.0037
4769,2001-07-18,270.4,270.4,270.4,270.4,0.01K,0.0086
4770,2001-07-17,268.1,268.1,268.1,268.1,-,0.0045
4771,2001-07-16,266.9,266.9,266.9,266.9,-,-0.0007
4772,2001-07-13,267.1,267.1,267.1,267.1,-,0.0019
4773,2001-07-12,266.6,266.6,266.6,266.6,-,-0.0063
4774,2001-07-11,268.3,268.3,268.3,268.3,0.01K,0.0079
4775,2001-07-10,266.2,266.2,266.2,266.2,-,-0.0011
4776,2001-07-09,266.5,266.5,266.5,266.5,0.07K,0.0023
4777,2001-07-06,265.9,265.9,265.9,265.9,-,0.003
4778,2001-07-05,265.1,263.7,263.7,263.7,0.00K,-0.0093
4779,2001-07-03,267.6,267.6,267.6,267.6,-,-0.0067
4780,2001-07-02,269.4,269.4,269.4,269.4,-,-0.0044
4781,2001-06-29,270.6,270.6,270.6,270.6,-,0.0048
4782,2001-06-28,269.3,269.3,269.3,269.3,-,-0.0103
4783,2001-06-27,272.1,275.7,275.7,275.7,0.00K,-0.0148
4784,2001-06-26,276.2,274.0,277.0,274.0,0.01K,0.0091
4785,2001-06-25,273.7,271.3,275.0,271.3,-,0.0051
4786,2001-06-22,272.3,273.6,273.6,272.0,0.01K,-0.0011
4787,2001-06-21,272.6,271.8,271.8,271.8,0.03K,0.0007
4788,2001-06-20,272.4,272.7,272.7,271.0,0.02K,-0.0037
4789,2001-06-19,273.4,273.0,273.0,273.0,0.03K,0.0037
4790,2001-06-18,272.4,272.0,272.5,271.3,0.02K,0.0044
4791,2001-06-15,271.2,274.3,274.7,271.5,0.08K,-0.0149
4792,2001-06-14,275.3,272.0,276.0,272.0,0.04K,0.0121
4793,2001-06-13,272.0,271.9,272.5,270.0,0.09K,0.0018
4794,2001-06-12,271.5,270.0,270.0,269.0,0.13K,0.0134
4795,2001-06-11,267.9,271.1,271.2,266.5,0.17K,-0.0201
4796,2001-06-08,273.4,266.2,274.2,266.2,0.12K,0.0278
4797,2001-06-07,266.0,266.3,266.5,265.0,0.11K,0.0011
4798,2001-06-06,265.7,266.7,267.0,265.2,0.13K,0.0
4799,2001-06-05,265.7,265.4,265.9,264.5,0.12K,-0.0026
4800,2001-06-01,266.4,264.7,266.9,264.5,0.86K,0.0041
4801,2001-05-31,265.3,265.1,268.1,264.8,2.96K,-0.0015
4802,2001-05-30,265.7,274.4,275.0,264.2,28.78K,-0.0296
4803,2001-05-29,273.8,273.8,273.8,273.8,-,-0.0148
4804,2001-05-25,277.9,277.9,277.9,277.9,-,-0.0043
4805,2001-05-24,279.1,279.1,279.1,279.1,0.01K,-0.0159
4806,2001-05-23,283.6,283.6,283.6,283.6,-,-0.0053
4807,2001-05-22,285.1,285.1,285.1,285.1,-,-0.0011
4808,2001-05-21,285.4,285.4,285.4,285.4,-,-0.006999999999999999
4809,2001-05-18,287.4,287.4,287.4,287.4,-,0.0504
4810,2001-05-17,273.6,273.6,273.6,273.6,-,0.0059
4811,2001-05-16,272.0,272.0,272.0,272.0,-,0.0145
4812,2001-05-15,268.1,268.1,268.1,268.1,-,-0.0007
4813,2001-05-14,268.3,268.3,268.3,268.3,-,0.0015
4814,2001-05-11,267.9,267.9,267.9,267.9,-,-0.0045
4815,2001-05-10,269.1,269.1,269.1,269.1,-,-0.0033
4816,2001-05-09,270.0,270.0,270.0,270.0,-,0.0185
4817,2001-05-08,265.1,265.1,265.1,265.1,-,-0.0038
4818,2001-05-07,266.1,266.1,266.1,266.1,-,0.0
4819,2001-05-04,266.1,266.1,266.1,266.1,-,-0.0008
4820,2001-05-03,266.3,266.3,266.3,266.3,-,0.0034
4821,2001-05-02,265.4,265.4,265.4,265.4,-,0.0038
4822,2001-05-01,264.4,264.4,264.4,264.4,-,0.0015
4823,2001-04-30,264.0,264.0,264.0,264.0,0.01K,0.0004
4824,2001-04-27,263.9,263.9,263.9,263.9,0.00K,-0.0019
4825,2001-04-26,264.4,264.4,264.4,263.5,0.06K,0.0076
4826,2001-04-25,262.4,263.5,264.4,262.0,0.06K,-0.0064
4827,2001-04-24,264.1,265.0,265.0,264.0,0.07K,0.0015
4828,2001-04-23,263.7,263.6,263.6,262.6,0.02K,-0.0042
4829,2001-04-20,264.8,264.8,265.0,263.5,0.10K,-0.0019
4830,2001-04-19,265.3,263.0,264.5,262.3,0.04K,0.0153
4831,2001-04-18,261.3,260.0,262.3,259.5,0.04K,0.0008
4832,2001-04-17,261.1,260.5,262.4,260.5,0.07K,-0.0084
4833,2001-04-16,263.3,260.5,263.8,260.3,0.02K,0.0123
4834,2001-04-12,260.1,259.0,261.0,259.0,0.10K,0.0054
4835,2001-04-11,258.7,257.7,260.0,256.5,0.03K,0.0054
4836,2001-04-10,257.3,258.3,258.3,256.6,0.03K,-0.0039
4837,2001-04-09,258.3,260.5,260.5,258.0,0.09K,-0.0065
4838,2001-04-06,260.0,259.5,260.2,257.8,0.15K,0.0074
4839,2001-04-05,258.1,259.1,259.1,257.7,0.18K,-0.0012
4840,2001-04-04,258.4,258.3,260.5,258.0,0.33K,0.0062
4841,2001-04-03,256.8,255.5,258.6,255.5,0.46K,0.0047
4842,2001-04-02,255.6,257.2,257.8,255.0,2.48K,-0.0089
4843,2001-03-30,257.9,258.8,259.3,256.6,5.65K,-0.0035
4844,2001-03-29,258.8,259.7,260.4,258.2,22.99K,-0.0035
4845,2001-03-28,259.7,259.7,259.7,259.7,-,-0.005
4846,2001-03-27,261.0,261.0,261.0,261.0,-,-0.0034
4847,2001-03-26,261.9,261.9,261.9,261.9,-,0.0015
4848,2001-03-23,261.5,261.5,261.5,261.5,0.00K,0.0015
4849,2001-03-22,261.1,261.1,261.1,261.1,-,-0.0031
4850,2001-03-21,261.9,261.9,261.9,261.9,-,0.0054
4851,2001-03-20,260.5,260.5,260.5,260.5,-,0.0027
4852,2001-03-19,259.8,259.8,259.8,259.8,-,0.0066
4853,2001-03-16,258.1,257.0,257.0,257.0,0.00K,-0.0073
4854,2001-03-15,260.0,260.0,260.0,260.0,-,-0.0095
4855,2001-03-14,262.5,262.5,262.5,262.5,-,-0.0161
4856,2001-03-13,266.8,266.8,266.8,266.8,0.01K,-0.0177
4857,2001-03-12,271.6,271.6,271.6,271.6,-,0.003
4858,2001-03-09,270.8,270.8,270.8,270.8,-,0.0203
4859,2001-03-08,265.4,265.4,265.4,265.4,-,0.0153
4860,2001-03-07,261.4,259.0,259.0,259.0,0.02K,0.0058
4861,2001-03-06,259.9,260.0,260.0,260.0,0.01K,-0.0099
4862,2001-03-05,262.5,262.5,262.5,262.5,-,0.0015
4863,2001-03-02,262.1,262.1,262.1,262.1,-,-0.0117
4864,2001-03-01,265.2,265.2,265.2,265.2,-,-0.006
4865,2001-02-28,266.8,266.8,266.8,266.8,-,-0.0022
4866,2001-02-27,267.4,267.0,267.0,267.0,0.00K,0.006
4867,2001-02-26,265.8,262.0,263.7,261.5,0.02K,0.0188
4868,2001-02-23,260.9,260.0,260.0,259.6,0.02K,0.0093
4869,2001-02-22,258.5,258.5,258.5,257.5,0.04K,0.0012
4870,2001-02-21,258.2,256.7,258.2,256.6,0.02K,0.0082
4871,2001-02-20,256.1,255.0,255.0,255.0,0.00K,-0.0081
4872,2001-02-16,258.2,255.0,258.5,255.0,0.02K,0.0122
4873,2001-02-15,255.1,259.5,259.5,255.6,0.03K,-0.0166
4874,2001-02-14,259.4,260.0,260.0,259.5,0.01K,-0.0035
4875,2001-02-13,260.3,261.0,261.0,261.0,0.01K,-0.0015
4876,2001-02-12,260.7,262.5,262.5,260.1,0.02K,0.0031
4877,2001-02-09,259.9,260.5,260.5,259.0,0.01K,-0.0008
4878,2001-02-08,260.1,263.5,263.5,259.8,0.17K,-0.0103
4879,2001-02-07,262.8,262.8,263.5,262.4,0.03K,-0.0019
4880,2001-02-06,263.3,263.9,263.9,261.8,0.19K,-0.0072
4881,2001-02-05,265.2,265.1,265.8,265.1,0.11K,-0.0071
4882,2001-02-02,267.1,268.0,268.2,266.5,0.41K,-0.0052
4883,2001-02-01,268.5,266.3,268.9,266.3,0.57K,0.0109
4884,2001-01-31,265.6,265.2,266.0,263.7,1.75K,0.0004
4885,2001-01-30,265.5,262.9,266.6,262.9,15.49K,0.0103
4886,2001-01-29,262.8,262.8,262.8,262.8,-,0.0
4887,2001-01-26,262.8,262.8,262.8,262.8,-,-0.0064
4888,2001-01-25,264.5,264.5,264.5,264.5,-,0.0008
4889,2001-01-24,264.3,264.3,264.3,264.3,-,-0.0068
4890,2001-01-23,266.1,266.1,266.1,266.1,-,-0.0011
4891,2001-01-22,266.4,266.4,266.4,266.4,-,0.0079
4892,2001-01-19,264.3,264.3,264.3,264.3,-,0.0004
4893,2001-01-18,264.2,264.2,264.2,264.2,-,0.0038
4894,2001-01-17,263.2,263.2,263.2,263.2,-,-0.0004
4895,2001-01-16,263.3,263.3,263.3,263.3,-,-0.0023
4896,2001-01-12,263.9,263.9,263.9,263.9,-,-0.0004
4897,2001-01-11,264.0,264.0,264.0,264.0,-,-0.0026
4898,2001-01-10,264.7,264.7,264.7,264.7,-,-0.0105
4899,2001-01-09,267.5,267.5,267.5,267.5,-,-0.0019
4900,2001-01-08,268.0,268.0,268.0,268.0,-,0.0
4901,2001-01-05,268.0,268.0,268.0,268.0,-,0.0026
4902,2001-01-04,267.3,267.3,267.3,267.3,0.00K,-0.0026
4903,2001-01-03,268.0,268.0,268.0,268.0,-,-0.0015
4904,2001-01-02,268.4,268.4,268.4,268.4,-,-0.0132
4905,2000-12-29,272.0,272.0,272.0,272.0,-,0.0011
4906,2000-12-28,271.7,273.2,273.2,273.2,0.00K,-0.0127
4907,2000-12-27,275.2,274.5,275.0,274.5,0.00K,0.004
4908,2000-12-26,274.1,273.2,274.8,273.2,0.01K,0.0015
4909,2000-12-22,273.7,274.0,274.0,274.0,0.11K,0.0
4910,2000-12-21,273.7,273.0,273.0,273.0,0.01K,0.0044
4911,2000-12-20,272.5,272.0,272.0,272.0,0.20K,0.0104
4912,2000-12-19,269.7,269.7,269.7,269.0,0.02K,0.0
4913,2000-12-18,269.7,270.0,270.0,270.0,0.06K,-0.0026
4914,2000-12-15,270.4,269.2,269.8,269.2,0.03K,0.0052
4915,2000-12-14,269.0,268.6,268.6,268.0,0.03K,0.0015
4916,2000-12-13,268.6,270.0,270.0,268.1,0.06K,-0.0063
4917,2000-12-12,270.3,270.3,270.3,269.5,0.02K,0.0004
4918,2000-12-11,270.2,270.7,270.7,269.2,0.12K,-0.0073
4919,2000-12-08,272.2,272.7,273.0,272.2,0.04K,-0.0037
4920,2000-12-07,273.2,274.3,276.0,272.6,0.08K,-0.004
4921,2000-12-06,274.3,271.0,273.9,270.6,0.41K,0.0144
4922,2000-12-05,270.4,270.9,271.0,269.9,0.14K,-0.0011
4923,2000-12-04,270.7,271.0,272.0,270.0,0.33K,0.0074
4924,2000-12-01,268.7,269.7,272.0,268.5,0.81K,-0.0052
4925,2000-11-30,270.1,266.4,270.2,266.2,2.85K,0.0139
4926,2000-11-29,266.4,269.6,270.1,265.8,28.70K,-0.0126
4927,2000-11-28,269.8,269.8,269.8,269.8,-,-0.0011
4928,2000-11-27,270.1,270.1,270.1,270.1,-,0.0143
4929,2000-11-22,266.3,266.3,266.3,266.3,-,0.0023
4930,2000-11-21,265.7,265.7,265.7,265.7,-,-0.0023
4931,2000-11-20,266.3,266.3,266.3,266.3,0.01K,0.0023
4932,2000-11-17,265.7,265.2,265.2,265.2,0.00K,-0.0004
4933,2000-11-16,265.8,265.8,265.8,265.8,-,0.0026
4934,2000-11-15,265.1,265.1,265.1,265.1,-,0.0008
4935,2000-11-14,264.9,264.9,264.9,264.9,0.10K,0.0023
4936,2000-11-13,264.3,264.3,264.3,264.3,-,-0.0008
4937,2000-11-10,264.5,264.5,264.5,264.5,-,-0.0049
4938,2000-11-09,265.8,265.8,265.8,265.8,-,0.003
4939,2000-11-08,265.0,265.0,265.0,265.0,-,0.0026
4940,2000-11-07,264.3,264.3,264.3,264.3,-,-0.0008
4941,2000-11-06,264.5,264.5,264.5,264.5,-,-0.0004
4942,2000-11-03,264.6,264.6,264.6,264.6,-,0.0008
4943,2000-11-02,264.4,264.4,264.4,264.4,-,0.0019
4944,2000-11-01,263.9,263.9,263.9,263.9,-,-0.0038
4945,2000-10-31,264.9,264.5,265.0,264.5,0.00K,0.0023
4946,2000-10-30,264.3,264.3,264.3,264.3,0.00K,-0.0004
4947,2000-10-27,264.4,265.5,265.5,265.5,-,-0.0019
4948,2000-10-26,264.9,266.0,267.0,265.7,0.02K,-0.0049
4949,2000-10-25,266.2,267.1,267.1,266.0,0.02K,-0.0144
4950,2000-10-24,270.1,269.8,269.8,269.8,0.00K,0.0
4951,2000-10-23,270.1,271.7,271.7,271.5,0.03K,-0.0041
4952,2000-10-20,271.2,271.2,271.2,271.2,0.00K,0.0041
4953,2000-10-19,270.1,270.1,270.1,270.1,-,-0.0007
4954,2000-10-18,270.3,270.3,270.3,270.3,-,-0.003
4955,2000-10-17,271.1,271.1,271.1,271.1,0.01K,-0.0015
4956,2000-10-16,271.5,271.5,271.5,271.5,-,-0.0033
4957,2000-10-13,272.4,274.2,274.2,274.2,0.00K,-0.0145
4958,2000-10-12,276.4,274.0,275.0,274.0,0.02K,0.0218
4959,2000-10-11,270.5,272.5,273.5,271.0,0.01K,-0.006999999999999999
4960,2000-10-10,272.4,272.4,272.4,272.4,0.00K,0.0085
4961,2000-10-09,270.1,269.1,269.1,269.1,0.00K,0.003
4962,2000-10-06,269.3,269.8,270.2,269.8,0.01K,-0.0048
4963,2000-10-05,270.6,270.3,270.3,270.0,0.01K,0.0011
4964,2000-10-04,270.3,270.5,271.0,270.1,0.03K,-0.0048
4965,2000-10-03,271.6,272.1,272.8,271.5,0.16K,-0.0055
4966,2000-10-02,273.1,272.8,273.5,272.5,0.02K,-0.0018
4967,2000-09-29,273.6,274.6,274.6,272.0,0.63K,-0.0073
4968,2000-09-28,275.6,277.5,277.5,275.1,3.51K,-0.0101
4969,2000-09-27,278.4,278.4,278.4,278.4,-,0.0164
4970,2000-09-26,273.9,273.9,273.9,273.9,-,-0.0007
4971,2000-09-25,274.1,274.1,274.1,274.1,-,0.0085
4972,2000-09-22,271.8,271.8,271.8,271.8,-,0.0055
4973,2000-09-21,270.3,270.3,270.3,270.3,-,0.0048
4974,2000-09-20,269.0,269.0,269.0,269.0,-,-0.0107
4975,2000-09-19,271.9,271.9,271.9,271.9,-,0.0018
4976,2000-09-18,271.4,271.4,271.4,271.4,-,-0.0033
4977,2000-09-15,272.3,272.3,272.3,272.3,-,-0.0004
4978,2000-09-14,272.4,272.4,272.4,272.4,-,-0.0015
4979,2000-09-13,272.8,272.8,272.8,272.8,-,-0.0004
4980,2000-09-12,272.9,272.9,272.9,272.9,-,-0.0007
4981,2000-09-11,273.1,273.1,273.1,273.1,-,-0.0007
4982,2000-09-08,273.3,273.3,273.3,273.3,0.13K,-0.0026
4983,2000-09-07,274.0,274.0,274.0,274.0,-,-0.0007
4984,2000-09-06,274.2,274.2,274.2,274.2,0.00K,-0.0058
4985,2000-09-05,275.8,275.8,275.8,275.8,-,-0.0043
4986,2000-09-01,277.0,277.0,277.0,277.0,-,-0.0047
4987,2000-08-31,278.3,274.8,274.8,274.8,-,0.0161
4988,2000-08-30,273.9,273.9,273.9,273.9,0.00K,0.0018
4989,2000-08-29,273.4,273.5,273.5,273.5,0.00K,-0.0022
4990,2000-08-28,274.0,274.0,274.0,274.0,0.00K,-0.0004
4991,2000-08-25,274.1,272.8,273.0,272.8,0.01K,0.0044
4992,2000-08-24,272.9,272.6,273.7,271.5,0.02K,0.0066
4993,2000-08-23,271.1,271.0,273.4,271.0,0.02K,-0.0088
4994,2000-08-22,273.5,272.5,274.5,272.5,0.01K,-0.0058
4995,2000-08-21,275.1,275.5,276.2,275.0,0.04K,-0.0061
4996,2000-08-18,276.8,276.0,276.3,274.9,0.04K,-0.0032
4997,2000-08-17,277.7,277.8,279.0,277.0,0.08K,0.0014
4998,2000-08-16,277.3,276.4,278.3,275.5,0.02K,0.0098
4999,2000-08-15,274.6,274.4,274.4,273.8,0.02K,0.0007
